 9.54594183713198E-0003
-4.41941723693162E-0004
-3.71231068857014E-0003
 3.09359212405980E-0003
 1.37885818257927E-0002
 6.18718448095024E-0004
-6.36396091431379E-0003
 5.96621353179216E-0003
 1.13137084990739E-0002
-1.10043492168188E-0002
-1.74566991627216E-0002
 6.31976686418056E-0003
 3.71231068857014E-0003
-3.31456307321787E-0003
-1.76776689477265E-0003
 9.98788326978684E-0003
 8.57366994023323E-0003
-8.35269875824451E-0003
 1.41421356238424E-0003
 1.36559996753931E-0002
-8.83883447386324E-0004
-2.25832220166922E-0002
-2.51906784251332E-0003
 7.77817470952868E-0003
-8.83883447386324E-0004
-1.37001939583569E-0003
 6.01040758192539E-0003
 1.37001937255263E-0002
-3.84489307180047E-0003
-5.70104829967022E-0003
 7.73398019373417E-0003
 6.80590281262994E-0003
-1.73683110624552E-0002
-1.26837277784943E-0002
 8.30850470811129E-0003
 2.16551451012492E-0003
-2.38648545928299E-0003
-1.76776695298031E-0004
 1.21092032641172E-0002
 5.34749496728182E-0003
-8.57366994023323E-0003
 3.84489307180047E-0003
 1.28605049103498E-0002
-5.70104829967022E-0003
-1.96222122758627E-0002
 1.90034951083362E-0003
 5.39168901741505E-0003
-4.41941758617759E-0003
-2.74003879167140E-0003
 7.11526209488511E-0003
 1.21092032641172E-0002
-5.43588353320956E-0003
-2.56326212547719E-0003
 1.12695144489407E-0002
 3.13778640702367E-0003
-1.90476886928082E-0002
-8.39689280837774E-0003
 7.60139804333448E-0003
 9.72271838691086E-0004
-2.34229117631912E-0003
 2.29809712618589E-0003
 1.38769708573818E-0002
 4.41941738245077E-0005
-7.99914542585611E-0003
 5.17071830108762E-0003
 9.54594183713198E-0003
-1.24185625463724E-0002
-1.59540958702564E-0002
 5.03813568502665E-0003
 4.02166973799467E-0003
-1.50260189548134E-0003
-9.72271838691086E-0004
 8.83883517235517E-0003
 8.04333947598934E-0003
-7.11526209488511E-0003
 1.32582522928714E-0003
 1.11369313672184E-0002
-2.87262140773237E-0003
-2.03735139220953E-0002
-2.51906784251332E-0003
 7.42462137714028E-0003
-2.07712617702782E-0003
-2.87262140773237E-0003
 5.78943686559796E-0003
 1.25069515779614E-0002
-3.62392235547304E-0003
-3.53553378954530E-0003
 9.72271803766489E-0003
 8.13172757625580E-0003
-1.68379805982113E-0002
-1.25511456280946E-0002
 7.82236922532320E-0003
 8.39689280837774E-0004
-2.20970879308879E-0003
 8.39689280837774E-0004
 1.17998439818620E-0002
 3.88908735476434E-0003
-7.55720352753997E-0003
 4.02166973799467E-0003
 1.20208151638507E-0002
-8.83883517235517E-0003
-2.05060970038176E-0002
 4.59619425237179E-0003
 6.27557281404734E-0003
-2.87262140773237E-0003
-1.94454367738217E-0003
 9.23658255487680E-0003
 9.81110613793135E-0003
-6.98267947882414E-0003
-7.51300947740674E-0004
 1.03856306523084E-0002
 4.41941738245077E-0005
-2.15667560696602E-0002
-4.90555306896567E-0003
 9.10399947315454E-0003
-2.82842712476850E-0003
-2.51906784251332E-0003
 5.08233020082116E-0003
 1.48492427542805E-0002
-2.03293189406395E-0003
-5.61266019940376E-0003
 7.42462137714028E-0003
 8.97141732275486E-0003
-1.47608537226915E-0002
-1.71915329992771E-0002
 8.08753352612257E-0003
 1.94454367738217E-0003
-3.40295140631497E-0003
-3.53553390596062E-0004
 1.21533982455730E-0002
 6.40815543010831E-0003
-8.26431065797806E-0003
 2.47487379238009E-0003
 1.16672618314623E-0002
-3.27036879025400E-0003
-2.06828732043505E-0002
 8.83883447386324E-0004
 7.07106757909060E-0003
-2.56326212547719E-0003
-2.20970879308879E-0003
 4.68458235263824E-0003
 1.30814751610159E-0002
-6.45234948024154E-0003
-4.41941758617759E-0003
 1.06507958844304E-0002
 5.43588353320956E-0003
-1.76776703447103E-0002
-1.03414366021752E-0002
 9.54594183713198E-0003
 3.53553390596062E-0004
-4.33102902024984E-0003
 5.74524281546473E-0004
 1.37001937255263E-0002
 2.78423284180462E-0003
-7.82236922532320E-0003
 4.33102902024984E-0003
 1.06507958844304E-0002
-9.05980542302132E-0003
-2.01525427401066E-0002
 3.18198045715690E-0003
 4.64038830250502E-0003
-2.12132045999169E-0003
-1.14904856309294E-0003
 9.54594183713198E-0003
 1.01204654201865E-0002
-6.23137829825282E-0003
-4.86135919345543E-0004
 1.12695144489407E-0002
-4.41941723693162E-0004
-2.04177089035511E-0002
-4.72877640277147E-0003
 5.43588353320956E-0003
-2.34229117631912E-0003
-1.98873784393072E-0003
 2.34229117631912E-0003
 1.21533982455730E-0002
-1.06066022999584E-0003
-7.02687352895737E-0003
 6.54073758050799E-0003
 9.14819352328777E-0003
-1.45398834720254E-0002
-1.45398834720254E-0002
 9.45755280554295E-0003
 2.47487379238009E-0003
-2.82842712476850E-0003
 4.41941738245077E-0005
 1.13137084990739E-0002
 4.72877640277147E-0003
-7.38042686134577E-0003
 5.61266019940376E-0003
 1.38327768072485E-0002
-6.58493209630251E-0003
-2.17435341328382E-0002
 2.34229117631912E-0003
 6.36396091431379E-0003
-1.14904856309294E-0003
-1.10485439654439E-0003
 7.91075732558966E-0003
 1.18882330134511E-0002
-4.90555306896567E-0003
-2.74003879167140E-0003
 1.02088544517755E-0002
 3.44714545644820E-0003
-2.24948339164257E-0002
-9.23658255487680E-0003
 8.35269875824451E-0003
 7.51300947740674E-0004
-3.31456307321787E-0003
 2.82842712476850E-0003
 1.44956894218921E-0002
 1.76776695298031E-0004
-6.36396091431379E-0003
 7.15945614501834E-0003
 1.05624077841639E-0002
-1.19766211137175E-0002
-1.63960382342339E-0002
 7.11526209488511E-0003
 2.29809712618589E-0003
-3.18198045715690E-0003
-1.28163106273859E-0003
 1.14462906494736E-0002
 7.42462137714028E-0003
-8.35269875824451E-0003
 1.32582522928714E-0003
 1.33024463430047E-0002
-1.94454367738217E-0003
-2.33345236629248E-0002
 8.83883476490155E-0005
 8.75044614076614E-0003
-1.06066022999584E-0003
-1.59099022857844E-0003
 5.70104829967022E-0003
 1.35234175249934E-0002
-5.17071830108762E-0003
-6.36396091431379E-0003
 7.15945614501834E-0003
 6.85009686276317E-0003
-1.64844263345003E-0002
-1.38327768072485E-0002
 9.23658255487680E-0003
 1.19324272964149E-0003
-2.16551451012492E-0003
-8.83883476490155E-0005
 1.14462906494736E-0002
 4.77297091856599E-0003
-9.36916470527649E-0003
 4.28683497011662E-0003
 1.37001937255263E-0002
-5.48007758334279E-0003
-2.01967377215624E-0002
 2.96100974082947E-0003
 3.49133973941207E-0003
-4.94974758476019E-0003
-2.96100974082947E-0003
 7.15945614501834E-0003
 1.25511456280946E-0002
-6.14299019798636E-0003
-3.88908735476434E-0003
 9.81110613793135E-0003
 4.28683497011662E-0003
-2.10806205868721E-0002
-9.59013588726521E-0003
 8.13172757625580E-0003
 2.20970861846581E-0004
-2.12132045999169E-0003
 2.43067950941622E-0003
 1.42305241897702E-0002
 1.19324272964149E-0003
-5.43588353320956E-0003
 8.66205804049969E-0003
 8.97141732275486E-0003
-1.37443877756595E-0002
-1.57331265509129E-0002
 4.94974758476019E-0003
 2.91681545786560E-0003
-2.16551451012492E-0003
-1.72357272822410E-0003
 9.94368921965361E-0003
 8.35269875824451E-0003
-7.38042686134577E-0003
 1.94454367738217E-0003
 1.06949899345636E-0002
-2.96100974082947E-0003
-1.96664072573185E-0002
-7.51300947740674E-0004
 8.08753352612257E-0003
-1.50260189548134E-0003
-2.60745617561042E-0003
 5.83363091573119E-0003
 1.20208151638507E-0002
-5.30330091714859E-0003
-3.40295140631497E-0003
 1.22417863458395E-0002
 7.95495137572289E-0003
-1.79870296269655E-0002
-1.19766211137175E-0002
 8.61786399036646E-0003
 1.19324272964149E-0003
-1.45840772893279E-0003
 6.62912614643574E-0004
 1.24185625463724E-0002
 4.55199973657727E-0003
-9.01561137288809E-0003
 1.45840772893279E-0003
 9.50174778699875E-0003
-9.23658255487680E-0003
-2.15225629508495E-0002
 4.02166973799467E-0003
 7.07106757909060E-0003
-3.97747568786144E-0003
-1.37001939583569E-0003
 1.08717670664191E-0002
 1.06066018342971E-0002
-6.71751424670219E-0003
 8.83883476490155E-0005
 1.11811263486743E-0002
 1.45840772893279E-0003
-2.12132036685944E-0002
-4.28683497011662E-0003
 8.35269875824451E-0003
-1.94454367738217E-0003
-3.04939807392657E-0003
 4.02166973799467E-0003
 1.42747182399034E-0002
-3.18198045715690E-0003
-5.61266019940376E-0003
 7.95495137572289E-0003
 9.19238850474358E-0003
-1.62192620337009E-0002
-1.48492427542805E-0002
 1.03856306523084E-0002
 2.43067950941622E-0003
-2.69584450870752E-0003
 3.97747557144612E-0004
 1.24627565965056E-0002
 5.43588353320956E-0003
-9.81110613793135E-0003
 1.54679606202989E-0003
 1.10927373170852E-0002
-4.41941758617759E-0003
-2.18761153519154E-0002
 1.32582522928714E-0003
 7.99914542585611E-0003
-1.50260189548134E-0003
-2.12132045999169E-0003
 6.01040758192539E-0003
 1.26395337283611E-0002
-5.30330091714859E-0003
-5.34749496728182E-0003
 8.08753352612257E-0003
 5.48007758334279E-0003
-1.73683110624552E-0002
-9.76691208779812E-0003
 7.73398019373417E-0003
-1.63518439512700E-0003
-3.49133973941207E-0003
 3.09359224047512E-0004
 1.36559996753931E-0002
 2.65165045857430E-0003
-7.46881542727351E-0003
 4.19844640418887E-0003
 1.06949899345636E-0002
-8.61786399036646E-0003
-1.97547953575850E-0002
 3.49133973941207E-0003
 4.15425235405564E-0003
-4.19844640418887E-0003
-8.83883447386324E-0004
 9.63432993739843E-0003
 1.00320773199200E-0002
-7.46881542727351E-0003
-1.19324272964149E-0003
 1.24185625463724E-0002
 4.41941738245077E-0005
-2.17877272516489E-0002
-2.91681545786560E-0003
 7.51300947740674E-0003
-1.10485439654439E-0003
-9.28077672142535E-0004
 4.06586378812790E-0003
 1.38327768072485E-0002
-2.34229117631912E-0003
-4.64038830250502E-0003
 9.01561137288809E-0003
 7.73398019373417E-0003
-1.66170094162226E-0002
-1.40095530077815E-0002
 7.82236922532320E-0003
 3.09359212405980E-0003
-1.63518439512700E-0003
-7.51300947740674E-0004
 1.20208151638507E-0002
 4.81716496869922E-0003
-6.01040758192539E-0003
 4.46361163631082E-0003
 1.30814751610159E-0002
-6.09879614785314E-0003
-2.15667560696602E-0002
 9.72271838691086E-0004
 5.61266019940376E-0003
-1.32582522928714E-0003
-1.76776689477265E-0003
 6.18718424811959E-0003
 1.19766211137175E-0002
-5.03813568502665E-0003
-3.93328163772821E-0003
 9.76691208779812E-0003
 3.49133973941207E-0003
-2.05060970038176E-0002
-6.98267947882414E-0003
 9.94368921965361E-0003
-8.39689280837774E-0004
-2.78423284180462E-0003
 2.38648545928299E-0003
 1.33908344432711E-0002
-8.39689280837774E-0004
-6.98267947882414E-0003
 4.81716496869922E-0003
 9.94368921965361E-0003
-1.17998439818620E-0002
-1.73683110624552E-0002
 6.85009686276317E-0003
 2.87262140773237E-0003
-2.29809712618589E-0003
 4.86135919345543E-0004
 1.16230677813291E-0002
 7.77817470952868E-0003
-7.91075732558966E-0003
 1.76776689477265E-0003
 1.12695144489407E-0002
-2.38648545928299E-0003
-2.29809712618589E-0002
-1.63518439512700E-0003
 9.01561137288809E-0003
-2.82842712476850E-0003
-1.76776689477265E-0003
 7.07106757909060E-0003
 1.27279218286275E-0002
-5.03813568502665E-0003
-5.52427163347602E-0003
 6.71751424670219E-0003
 7.29203876107931E-0003
-1.61308739334345E-0002
-1.28605049103498E-0002
 9.67852398753166E-0003
 6.62912614643574E-0004
-2.78423284180462E-0003
-1.28163106273859E-0003
 1.23301744461059E-0002
 3.88908735476434E-0003
-9.67852398753166E-0003
 5.08233020082116E-0003
 1.18440389633178E-0002
-6.31976686418056E-0003
-1.87383294105530E-0002
 2.91681545786560E-0003
 6.01040758192539E-0003
-3.75650473870337E-0003
-2.47487379238009E-0003
 8.44108685851097E-0003
 1.16672618314623E-0002
-6.40815543010831E-0003
-1.63518439512700E-0003
 1.26837277784943E-0002
 2.47487379238009E-0003
-2.05502901226282E-0002
-8.61786399036646E-0003
 7.11526209488511E-0003
 8.39689280837774E-0004
-2.29809712618589E-0003
 2.56326212547719E-0003
 1.40979411080479E-0002
 4.86135919345543E-0004
-6.01040758192539E-0003
 6.93848542869091E-0003
 8.35269875824451E-0003
-1.39653589576482E-0002
-1.61750670522451E-0002
 6.76170876249671E-0003
 1.90034951083362E-0003
-3.22617474012077E-0003
 4.41941738245077E-0005
 1.12253203988075E-0002
 6.98267947882414E-0003
-7.77817470952868E-0003
 3.09359224047512E-0004
 1.13137084990739E-0002
-1.76776689477265E-0003
-2.09922324866056E-0002
 3.53553390596062E-0004
 8.97141732275486E-0003
-1.76776689477265E-0003
-3.40295140631497E-0003
 5.12652425095439E-0003
 1.12695144489407E-0002
-5.03813568502665E-0003
-2.96100974082947E-0003
 1.02088544517755E-0002
 7.33623281121254E-0003
-1.83405820280314E-0002
-1.12253203988075E-0002
 8.22011660784483E-0003
 7.51300947740674E-0004
-1.63518439512700E-0003
 3.09359224047512E-0004
 1.25511456280946E-0002
 2.87262140773237E-0003
-7.51300947740674E-0003
 4.46361163631082E-0003
 1.00320773199200E-0002
-1.06507958844304E-0002
-2.08154562860727E-0002
 4.77297091856599E-0003
 4.99394163489342E-0003
-2.56326212547719E-0003
-1.19324272964149E-0003
 1.09159611165523E-0002
 9.76691208779812E-0003
-6.23137829825282E-0003
-5.74524281546473E-0004
 1.12253203988075E-0002
 2.20970861846581E-0004
-2.16109510511160E-0002
-3.04939807392657E-0003
 7.55720352753997E-0003
-2.34229117631912E-0003
-3.18198045715690E-0003
 4.99394163489342E-0003
 1.39211649075150E-0002
-2.56326212547719E-0003
-4.81716496869922E-0003
 9.36916470527649E-0003
 8.83883517235517E-0003
-1.73241160809994E-0002
-1.45398834720254E-0002
 9.67852398753166E-0003
 2.16551451012492E-0003
-2.60745617561042E-0003
 0.00000000000000E+0000
 1.22417863458395E-0002
 3.66811640560627E-0003
-9.59013588726521E-0003
 1.14904856309294E-0003
 1.13579025492072E-0002
-4.46361163631082E-0003
-2.11690086871386E-0002
 2.38648545928299E-0003
 7.15945614501834E-0003
-2.12132045999169E-0003
-2.20970879308879E-0003
 5.92201948165894E-0003
 1.33908344432711E-0002
-6.05460163205862E-0003
-3.27036879025400E-0003
 1.00762713700532E-0002
 3.80069902166724E-0003
-1.84289701282978E-0002
-9.59013588726521E-0003
 7.95495137572289E-0003
-4.86135919345543E-0004
-4.59619425237179E-0003
 2.34229117631912E-0003
 1.34350284934043E-0002
 2.34229117631912E-0003
-6.80590281262994E-0003
 5.30330091714859E-0003
 1.11811263486743E-0002
-1.04298247024416E-0002
-1.86941362917423E-0002
 3.53553378954530E-0003
 4.15425235405564E-0003
-2.78423284180462E-0003
-2.34229117631912E-0003
 1.02530485019087E-0002
 8.61786399036646E-0003
-7.15945614501834E-0003
 4.41941738245077E-0005
 1.20208151638507E-0002
 1.76776695298031E-0004
-2.12132036685944E-0002
-2.91681545786560E-0003
 8.08753352612257E-0003
-1.76776695298031E-0004
-1.50260189548134E-0003
 4.28683497011662E-0003
 1.23301744461059E-0002
-2.69584450870752E-0003
-7.15945614501834E-0003
 5.74524281546473E-0003
 8.97141732275486E-0003
-1.62192620337009E-0002
-1.35234175249934E-0002
 9.54594183713198E-0003
 2.47487379238009E-0003
-3.09359212405980E-0003
-9.28077672142535E-0004
 1.23743684962391E-0002
 4.37522307038307E-0003
-6.76170876249671E-0003
 4.02166973799467E-0003
 1.21975922957062E-0002
-6.23137829825282E-0003
-2.16109510511160E-0002
 2.12132045999169E-0003
 4.72877640277147E-0003
-3.22617474012077E-0003
-2.29809712618589E-0003
 7.82236922532320E-0003
 1.21092032641172E-0002
-5.61266019940376E-0003
-2.03293189406395E-0003
 1.03856306523084E-0002
 3.97747568786144E-0003
-2.11690086871386E-0002
-7.73398019373417E-0003
 8.79464019089937E-0003
 2.20970861846581E-0004
-3.40295140631497E-0003
 3.49133973941207E-0003
 1.42747182399034E-0002
-1.06066022999584E-0003
-6.01040758192539E-0003
 6.05460163205862E-0003
 9.41335875540972E-0003
-1.25511456280946E-0002
-1.54679603874683E-0002
 6.98267947882414E-0003
 3.31456307321787E-0003
-2.25390284322202E-0003
 0.00000000000000E+0000
 1.12695144489407E-0002
 8.04333947598934E-0003
-7.99914542585611E-0003
 9.72271838691086E-0004
 1.02088544517755E-0002
-3.88908735476434E-0003
-2.30251643806696E-0002
-8.83883447386324E-0004
 9.41335875540972E-0003
-2.07712617702782E-0003
-2.20970879308879E-0003
 7.15945614501834E-0003
 1.30372811108827E-0002
-5.17071830108762E-0003
-4.41941758617759E-0003
 9.67852398753166E-0003
 7.29203876107931E-0003
-1.80312227457762E-0002
-1.20208151638507E-0002
 9.54594183713198E-0003
 1.19324272964149E-0003
-3.44714545644820E-0003
-1.01646594703197E-0003
 1.27721158787608E-0002
 3.13778640702367E-0003
-8.61786399036646E-0003
 4.15425235405564E-0003
 1.20208151638507E-0002
-6.58493209630251E-0003
-1.86499413102865E-0002
 3.35875712335110E-0003
 5.43588353320956E-0003
-3.66811640560627E-0003
-2.96100974082947E-0003
 7.95495137572289E-0003
 1.05624077841639E-0002
-6.62912614643574E-0003
-1.63518439512700E-0003
 1.08275730162859E-0002
 2.16551451012492E-0003
-2.13015917688608E-0002
-7.42462137714028E-0003
 7.60139804333448E-0003
-4.41941723693162E-0004
-2.03293189406395E-0003
 4.02166973799467E-0003
 1.46282715722918E-0002
-3.09359224047512E-0004
-5.96621353179216E-0003
 6.49654353037476E-0003
 9.50174778699875E-0003
-1.40095530077815E-0002
-1.68379805982113E-0002
 6.49654353037476E-0003
 2.16551451012492E-0003
-1.59099022857844E-0003
-3.97747557144612E-0004
 1.02972425520420E-0002
 8.39689280837774E-0003
-8.39689280837774E-0003
 1.06066022999584E-0003
 1.03856306523084E-0002
-2.47487379238009E-0003
-2.00199615210295E-0002
-3.97747557144612E-0004
 8.48528183996677E-0003
-3.22617474012077E-0003
-3.44714545644820E-0003
 5.43588353320956E-0003
 1.20650092139840E-0002
-4.94974758476019E-0003
-2.78423284180462E-0003
 1.08717670664191E-0002
 5.92201948165894E-0003
-1.94454360753298E-0002
-1.15346796810627E-0002
 9.19238850474358E-0003
-3.53553390596062E-0004
-2.43067950941622E-0003
 2.43067950941622E-0003
 1.37885818257927E-0002
 2.03293189406395E-0003
-7.64559209346771E-0003
 3.31456307321787E-0003
 9.14819352328777E-0003
-1.05624077841639E-0002
-2.01967377215624E-0002
 6.01040758192539E-0003
 6.40815543010831E-0003
-2.82842712476850E-0003
-1.45840772893279E-0003
 1.21092032641172E-0002
 9.32497065514326E-0003
-7.82236922532320E-0003
-7.95495114289224E-0004
 9.94368921965361E-0003
 1.19324272964149E-0003
-2.07270681858063E-0002
-3.22617474012077E-0003
 7.77817470952868E-0003
-1.98873784393072E-0003
-1.90034951083362E-0003
 3.35875712335110E-0003
 1.36559996753931E-0002
-3.00520379096270E-0003
-5.21491235122085E-0003
 1.03856306523084E-0002
 1.05624077841639E-0002
-1.75008922815323E-0002
-1.40095530077815E-0002
 1.01204654201865E-0002
 8.83883447386324E-0004
-2.43067950941622E-0003
-7.07106781192124E-0004
 1.24627565965056E-0002
 4.28683497011662E-0003
-8.88302922248840E-0003
 2.69584450870752E-0003
 1.18882330134511E-0002
-4.81716496869922E-0003
-2.09922324866056E-0002
 2.69584450870752E-0003
 6.14299019798636E-0003
-2.03293189406395E-0003
-2.65165045857430E-0003
 7.60139804333448E-0003
 1.26395337283611E-0002
-5.52427163347602E-0003
-3.62392235547304E-0003
 1.08275730162859E-0002
 3.66811640560627E-0003
-2.00199615210295E-0002
-8.39689280837774E-0003
 7.38042686134577E-0003
 0.00000000000000E+0000
-3.71231068857014E-0003
 2.12132045999169E-0003
 1.40095530077815E-0002
 1.32582528749481E-0004
-6.93848542869091E-0003
 5.30330091714859E-0003
 1.02088544517755E-0002
-1.10043492168188E-0002
-1.83405820280314E-0002
 3.88908735476434E-0003
 4.94974758476019E-0003
-1.50260189548134E-0003
-1.06066022999584E-0003
 1.16672618314623E-0002
 9.59013588726521E-0003
-7.55720352753997E-0003
-4.41941738245077E-0005
 1.09601551666855E-0002
-1.63518439512700E-0003
-2.11248155683279E-0002
-3.84489307180047E-0003
 8.35269875824451E-0003
-1.01646594703197E-0003
-1.94454367738217E-0003
 5.12652425095439E-0003
 1.21533982455730E-0002
-1.85615534428507E-0003
-5.03813568502665E-0003
 7.64559209346771E-0003
 7.11526209488511E-0003
-1.52027960866689E-0002
-1.32140582427382E-0002
 7.77817470952868E-0003
 2.07712617702782E-0003
-3.93328163772821E-0003
-9.28077672142535E-0004
 1.14462906494736E-0002
 3.88908735476434E-0003
-8.61786399036646E-0003
 4.02166973799467E-0003
 1.43631063401699E-0002
-6.36396091431379E-0003
-2.25390288978815E-0002
 3.53553378954530E-0003
 6.71751424670219E-0003
-2.34229117631912E-0003
-1.63518439512700E-0003
 8.70625209063292E-0003
 1.06949899345636E-0002
-5.87782496586442E-0003
-2.47487379238009E-0003
 9.85530111938715E-0003
 2.87262140773237E-0003
-2.18319222331047E-0002
-7.02687352895737E-0003
 9.32497065514326E-0003
 3.53553390596062E-0004
-2.74003879167140E-0003
 4.86135901883245E-0003
 1.44956894218921E-0002
-1.23743689619004E-0003
-6.05460163205862E-0003
 5.83363091573119E-0003
 9.89949516952038E-0003
-1.31256692111492E-0002
-1.61308739334345E-0002
 6.85009686276317E-0003
 1.23743689619004E-0003
-2.82842712476850E-0003
-1.10485439654439E-0003
 1.21975922957062E-0002
 7.11526209488511E-0003
-7.77817470952868E-0003
 1.76776689477265E-0003
 1.26837277784943E-0002
-2.29809712618589E-0003
-2.28483881801367E-0002
 1.28163106273859E-0003
 7.95495137572289E-0003
-2.60745617561042E-0003
-2.56326212547719E-0003
 5.96621353179216E-0003
 1.25511456280946E-0002
-6.58493209630251E-0003
-4.64038830250502E-0003
 7.20365019515157E-0003
 7.11526209488511E-0003
-1.69705636799335E-0002
-1.20208151638507E-0002
 9.94368921965361E-0003
 1.10485439654439E-0003
-1.85615534428507E-0003
 3.09359224047512E-0004
 1.22859803959727E-0002
 3.49133973941207E-0003
-9.01561137288809E-0003
 4.90555306896567E-0003
 1.13579025492072E-0002
-7.29203876107931E-0003
-1.94896310567856E-0002
 2.65165045857430E-0003
 4.46361163631082E-0003
-2.56326212547719E-0003
-2.56326212547719E-0003
 7.77817470952868E-0003
 1.14462906494736E-0002
-6.40815543010831E-0003
-3.09359224047512E-0004
 1.27721158787608E-0002
 3.00520379096270E-0003
-1.94012429565191E-0002
-8.30850470811129E-0003
 6.54073758050799E-0003
 3.53553390596062E-0004
-2.65165045857430E-0003
 3.57972807250917E-0003
 1.33466403931379E-0002
 2.20970861846581E-0004
-6.18718424811959E-0003
 6.09879614785314E-0003
 8.52947589010000E-0003
-1.34792234748601E-0002
-1.56889315694571E-0002
 6.71751424670219E-0003
 2.34229117631912E-0003
-2.69584450870752E-0003
 6.62912614643574E-0004
 9.94368921965361E-0003
 6.85009686276317E-0003
-7.99914542585611E-0003
 1.45840772893279E-0003
 1.25069515779614E-0002
-5.34749496728182E-0003
-2.01967377215624E-0002
 7.51300947740674E-0004
 7.20365019515157E-0003
-1.85615534428507E-0003
-2.82842712476850E-0003
 6.71751424670219E-0003
 1.12695144489407E-0002
-4.59619425237179E-0003
-2.43067950941622E-0003
 1.01646604016423E-0002
 6.31976686418056E-0003
-1.92244648933411E-0002
-1.01204654201865E-0002
 6.40815543010831E-0003
 4.86135919345543E-0004
-1.28163106273859E-0003
 1.06066022999584E-0003
 1.30372811108827E-0002
 3.04939807392657E-0003
-6.71751424670219E-0003
 5.61266019940376E-0003
 1.14462906494736E-0002
-1.08275730162859E-0002
-1.97547953575850E-0002
 5.65685424953699E-0003
 4.15425235405564E-0003
-3.93328163772821E-0003
-1.10485439654439E-0003
 1.10927373170852E-0002
 8.83883517235517E-0003
-6.98267947882414E-0003
 3.53553390596062E-0004
 1.11369313672184E-0002
-3.09359224047512E-0004
-2.16551460325718E-0002
-1.67937856167555E-0003
 8.75044614076614E-0003
-2.29809712618589E-0003
-2.60745617561042E-0003
 6.36396091431379E-0003
 1.39653589576482E-0002
-4.15425235405564E-0003
-5.87782496586442E-0003
 7.20365019515157E-0003
 8.52947589010000E-0003
-1.86057463288307E-0002
-1.48050477728247E-0002
 1.09159611165523E-0002
 1.63518439512700E-0003
-3.04939807392657E-0003
 7.07106781192124E-0004
 1.46282715722918E-0002
 5.08233020082116E-0003
-9.14819352328777E-0003
 1.98873784393072E-0003
 1.08717670664191E-0002
-5.74524281546473E-0003
-2.22738627344370E-0002
 2.43067950941622E-0003
 6.31976686418056E-0003
-2.38648545928299E-0003
-2.07712617702782E-0003
 5.87782496586442E-0003
 1.29930870607495E-0002
-7.42462137714028E-0003
-3.35875712335110E-0003
 1.12695144489407E-0002
 4.94974758476019E-0003
-1.74125041812658E-0002
-7.42462137714028E-0003
 7.82236922532320E-0003
-4.41941723693162E-0004
-4.50780568644404E-0003
 3.09359224047512E-0004
 1.25069515779614E-0002
 1.06066022999584E-0003
-8.35269875824451E-0003
 4.55199973657727E-0003
 1.22859803959727E-0002
-1.03856306523084E-0002
-1.78544465452433E-0002
 4.94974758476019E-0003
 4.55199973657727E-0003
-1.98873784393072E-0003
-1.59099022857844E-0003
 1.11369313672184E-0002
 9.72271803766489E-0003
-7.15945614501834E-0003
 1.06066022999584E-0003
 1.17998439818620E-0002
-2.74003879167140E-0003
-2.21412815153599E-0002
-2.69584450870752E-0003
 6.98267947882414E-0003
-1.32582522928714E-0003
-2.20970879308879E-0003
 4.94974758476019E-0003
 1.34350284934043E-0002
-2.56326212547719E-0003
-4.81716496869922E-0003
 7.73398019373417E-0003
 7.95495137572289E-0003
-1.69263686984777E-0002
-1.38769708573818E-0002
 8.83883517235517E-0003
 1.32582522928714E-0003
-2.82842712476850E-0003
-3.53553390596062E-0004
 1.12695144489407E-0002
 3.40295140631497E-0003
-7.73398019373417E-0003
 3.00520379096270E-0003
 1.24627565965056E-0002
-5.08233020082116E-0003
-2.21412815153599E-0002
 3.88908735476434E-0003
 6.05460163205862E-0003
-1.37001939583569E-0003
 2.65165057498962E-0004
 6.40815543010831E-0003
 1.20208151638507E-0002
-6.76170876249671E-0003
-2.16551451012492E-0003
 1.02088544517755E-0002
 2.47487379238009E-0003
-2.06386800855398E-0002
