-5.01603865996003E-0003
-4.19844640418887E-0003
-3.38085438124836E-0003
-3.80069902166724E-0003
 3.91118461266160E-0003
-6.01040758192539E-0003
-1.41421356238424E-0003
 5.74524281546473E-0004
 1.67937856167555E-0003
 5.08233020082116E-0003
 1.05403102934360E-0002
 2.96100974082947E-0003
-6.47444650530815E-0003
-2.65165057498962E-0004
-4.37522307038307E-0003
 3.95537866279483E-0003
-2.34229117631912E-0003
-6.76170876249671E-0003
 2.65165057498962E-0004
 7.29203864466399E-0004
 3.55763104744256E-0003
 9.72271803766489E-0003
 1.02530485019087E-0002
-4.90555306896567E-0003
-1.90034951083362E-0003
-3.69021343067288E-0003
 1.98873778572306E-0004
 2.03293189406395E-0003
-7.66768911853433E-0003
 3.97747557144612E-0004
 3.31456307321787E-0004
 1.76776689477265E-0003
 7.99914542585611E-0003
 1.21975922957062E-0002
-1.32582528749481E-0004
-4.06586378812790E-0003
-3.31456307321787E-0004
-3.24827176518738E-0003
 4.28683497011662E-0003
-6.07669912278652E-0003
-3.91118461266160E-0003
 1.74566986970603E-0003
 2.87262140773237E-0004
 5.81153389066458E-0003
 1.19324270635843E-0002
 6.01040758192539E-0003
-5.56846568360925E-0003
 1.76776695298031E-0004
-4.19844640418887E-0003
 2.12132045999169E-0003
-1.94454367738217E-0003
-8.10963101685047E-0003
 1.32582522928714E-0003
-7.51300947740674E-0004
 3.31456307321787E-0003
 9.25867911428213E-0003
 1.07833780348300E-0002
-4.41941758617759E-0003
-1.96664081886411E-0003
-2.34229117631912E-0003
-1.28163106273859E-0003
 2.91681545786560E-0003
-9.41335875540972E-0003
-1.94454367738217E-0003
-1.78986403625458E-0003
 4.64038836071268E-0004
 6.38605793938041E-0003
 1.19324270635843E-0002
 2.12132045999169E-0003
-4.72877640277147E-0003
-3.53553390596062E-0004
-4.66248532757163E-0003
 4.28683497011662E-0003
-5.72314532473683E-0003
-4.99394163489342E-0003
-1.32582528749481E-0004
-1.52469903696328E-0003
 3.60182509757578E-0003
 9.21448506414890E-0003
 8.02124291658402E-0003
-6.34186388924718E-0003
 1.10485430923290E-0004
-4.92765055969358E-0003
 1.98873778572306E-0004
-7.07106781192124E-0004
-9.03770886361599E-0003
 3.53553390596062E-0004
-1.70147570315748E-0003
 2.80633009970188E-0003
 6.29766983911395E-0003
 1.16893593221902E-0002
-2.58535915054381E-0003
-4.11005830392241E-0003
-1.61308737006038E-0003
-4.61829127743840E-0003
 3.18198045715690E-0003
-7.88865983486175E-0003
-4.22054342925549E-0003
-3.97747557144612E-0004
 2.23180581815541E-0003
 5.01603865996003E-0003
 1.06949899345636E-0002
 4.77297091856599E-0003
-7.02687352895737E-0003
-1.48050487041473E-0003
-4.50780568644404E-0003
 2.85052414983511E-0003
-7.51300947740674E-0004
-6.51864055544138E-0003
-9.05980588868260E-0004
-4.86135919345543E-0004
 1.65728153660893E-0003
 7.80027173459530E-0003
 1.00762713700532E-0002
-4.30893199518323E-0003
-1.63518439512700E-0003
-1.76776689477265E-0003
-7.51300947740674E-0004
 2.45277653448284E-0003
-7.15945614501834E-0003
-2.29809712618589E-0003
-5.52427198272198E-0004
 1.78986403625458E-0003
 6.07669912278652E-0003
 1.22638829052448E-0002
 9.72271838691086E-0004
-4.02166973799467E-0003
-1.76776695298031E-0004
-3.99957271292806E-0003
 3.69021343067288E-0003
-5.50217460840940E-0003
-5.36959199234843E-0003
 6.18718448095024E-0004
-3.53553390596062E-0004
 3.95537866279483E-0003
 1.23964659869670E-0002
 8.30850470811129E-0003
-4.88345604389906E-0003
 1.19324272964149E-0003
-3.73440771363676E-0003
 1.30372808780521E-0003
-1.10485430923290E-0004
-9.52384434640408E-0003
-6.62912614643574E-0004
-7.07106781192124E-0004
 1.67937856167555E-0003
 9.25867911428213E-0003
 1.24627565965056E-0002
-1.06066022999584E-0003
-1.81196117773652E-0003
-1.12695142161101E-0003
-2.65165045857430E-0003
 2.85052414983511E-0003
-8.30850470811129E-0003
-2.71794176660478E-0003
 6.85009697917849E-0004
 3.31456307321787E-0004
 5.48007758334279E-0003
 1.17335533723235E-0002
 2.27599986828864E-0003
-5.98831055685878E-0003
 1.25953392125666E-0003
-4.13215532898903E-0003
 3.44714545644820E-0003
-3.00520379096270E-0003
-7.35832983627915E-0003
 7.51300947740674E-0004
-8.17592197563499E-0004
 2.67374748364091E-0003
 9.56803839653730E-0003
 9.47965029627085E-0003
-5.96621353179216E-0003
 4.86135919345543E-0004
-3.29246604815125E-0003
-1.14904856309294E-0003
 2.71794176660478E-0003
-9.30287316441536E-0003
-5.08232973515987E-0004
-6.18718448095024E-0004
 1.03856308851391E-0003
 6.16508722305298E-0003
 1.14683881402015E-0002
-1.50260189548134E-0003
-4.30893199518323E-0003
 6.85009697917849E-0004
-4.15425235405564E-0003
 4.33102902024984E-0003
-6.54073758050799E-0003
-5.06023271009326E-0003
-1.32582528749481E-0004
 2.20970869122539E-0005
 2.36438820138574E-0003
 1.01646604016423E-0002
 6.03250460699201E-0003
-7.42462137714028E-0003
 8.83883447386324E-0004
-4.81716496869922E-0003
 2.45277653448284E-0003
-1.41421356238424E-0003
-7.71188316866755E-0003
-3.75650473870337E-0004
 4.41941723693162E-0004
 3.35875712335110E-0003
 6.51864055544138E-0003
 1.04298247024416E-0002
-5.52427163347602E-0003
-3.97747568786144E-0003
-2.16551451012492E-0003
-1.23743689619004E-0003
 4.90555306896567E-0003
-6.01040758192539E-0003
-2.51906784251332E-0003
-7.51300947740674E-0004
 5.30330114997923E-0004
 3.60182509757578E-0003
 1.21754948049783E-0002
 3.55763104744256E-0003
-5.48007758334279E-0003
 1.03856308851391E-0003
-4.37522307038307E-0003
 3.24827176518738E-0003
-3.49133973941207E-0003
-7.00477650389075E-0003
-4.41941738245077E-0005
 1.32582528749481E-0004
 2.47487379238009E-0003
 1.02088544517755E-0002
 8.83883517235517E-0003
-5.59056317433715E-0003
 7.29203864466399E-0004
-2.29809712618589E-0003
 3.75650473870337E-0004
 5.08232973515987E-0004
-8.39689280837774E-0003
-7.51300947740674E-0004
-8.17592197563499E-0004
 9.50174755416810E-0004
 7.29203876107931E-0003
 1.23964659869670E-0002
-1.87825236935169E-0003
-2.56326212547719E-0003
 8.39689280837774E-0004
-2.96100974082947E-0003
 4.30893199518323E-0003
-6.67332019656897E-0003
-4.72877640277147E-0003
 7.73398031014949E-0004
-9.28077672142535E-0004
 4.64038830250502E-0003
 1.17556499317288E-0002
 5.10442722588778E-0003
-4.52990271151066E-0003
 1.28163106273859E-0003
-3.71231068857014E-0003
 2.58535915054381E-0003
-2.14341748505831E-0003
-8.02124291658402E-0003
 3.53553390596062E-0004
-1.78986403625458E-0003
 1.48050487041473E-0003
 9.94368921965361E-0003
 8.66205804049969E-0003
-5.06023271009326E-0003
 8.83883476490155E-0005
-2.09922320209444E-0003
 8.39689280837774E-0004
 2.65165045857430E-0003
-8.77254363149405E-0003
-1.17114558815956E-0003
-1.03856308851391E-0003
 6.18718448095024E-0004
 5.32539794221520E-0003
 1.18440389633178E-0002
 2.20970861846581E-0004
-3.88908735476434E-0003
 7.29203864466399E-0004
-4.19844640418887E-0003
 5.59056317433715E-0003
-5.54636865854263E-0003
-4.46361163631082E-0003
-6.85009697917849E-0004
-1.10485439654439E-0003
 3.18198045715690E-0003
 9.23658255487680E-0003
 7.60139804333448E-0003
-6.03250460699201E-0003
 1.94454367738217E-0003
-4.13215532898903E-0003
 1.56889320351183E-0003
-6.18718448095024E-0004
-8.94931983202696E-0003
-1.06066022999584E-0003
-1.59099022857844E-0003
 2.14341748505831E-0003
 5.63475722447038E-0003
 1.05624077841639E-0002
-3.18198045715690E-0003
-2.85052414983511E-0003
-1.41421356238424E-0003
-1.34792225435376E-0003
 3.86699009686708E-0003
-6.76170876249671E-0003
-3.51343676447868E-0003
-1.28163106273859E-0003
 4.19844640418887E-0004
 3.71231068857014E-0003
 1.11148348078131E-0002
 2.32019415125251E-0003
-5.34749496728182E-0003
-3.31456307321787E-0004
-5.17071830108762E-0003
 3.55763104744256E-0003
-3.18198045715690E-0003
-5.87782496586442E-0003
 1.32582528749481E-0004
 2.65165057498962E-0004
 2.69584450870752E-0003
 7.71188316866755E-0003
 8.86093173176050E-0003
-5.56846568360925E-0003
-6.62912614643574E-0004
-2.69584450870752E-0003
 7.95495114289224E-0004
 2.96100974082947E-0003
-8.37479624897242E-0003
-2.09922320209444E-0003
-1.25953392125666E-0003
 1.14904856309294E-0003
 6.18718424811959E-0003
 1.17335533723235E-0002
-5.74524281546473E-0004
-2.27599986828864E-0003
-6.85009697917849E-0004
-2.18761153519154E-0003
 4.61829127743840E-0003
-5.59056317433715E-0003
-4.24264091998339E-0003
-1.01646594703197E-0003
-1.50260189548134E-0003
 3.07149509899318E-0003
 1.10706407576799E-0002
 5.83363091573119E-0003
-4.13215532898903E-0003
 1.90034951083362E-0003
-3.00520379096270E-0003
 2.71794176660478E-0003
-1.59099022857844E-0003
-7.75607768446207E-0003
 3.75650473870337E-0004
-1.28163106273859E-0003
 2.01083486899734E-0003
 7.93285388499498E-0003
 1.04740187525749E-0002
-2.65165045857430E-0003
-8.83883447386324E-0004
-1.17114558815956E-0003
-4.19844640418887E-0004
 3.91118461266160E-0003
-8.33060219883919E-0003
-2.29809712618589E-0003
 8.83883476490155E-0005
-3.75650473870337E-0004
 5.59056317433715E-0003
 1.20650092139840E-0002
 1.70147570315748E-0003
-3.97747568786144E-0003
 1.54679606202989E-0003
-3.15988343209028E-0003
 4.97184460982680E-0003
-4.61829127743840E-0003
-6.12089317291975E-0003
 2.20970869122539E-0005
-1.76776689477265E-0003
 2.49697081744671E-0003
 9.45755280554295E-0003
 8.35269875824451E-0003
-5.59056317433715E-0003
 1.65728153660893E-0003
-2.93891248293221E-0003
 2.62955343350768E-0003
 2.03293189406395E-0003
-8.28640721738338E-0003
 6.62912643747404E-0005
-2.85052414983511E-0003
 4.41941723693162E-0004
 5.30330091714859E-0003
 1.13579025492072E-0002
-2.67374748364091E-0003
-2.29809712618589E-0003
 2.20970869122539E-0005
-2.60745617561042E-0003
 5.21491235122085E-0003
-7.42462137714028E-0003
-3.80069902166724E-0003
-8.39689280837774E-0004
-1.98873778572306E-0004
 2.43067950941622E-0003
 9.81110613793135E-0003
 3.49133973941207E-0003
-6.54073758050799E-0003
 9.72271838691086E-0004
-4.24264091998339E-0003
 3.44714545644820E-0003
-2.09922320209444E-0003
-6.73961173743010E-0003
 2.20970869122539E-0005
-1.52469903696328E-0003
 1.54679606202989E-0003
 6.43025245517492E-0003
 8.39689280837774E-0003
-6.16508722305298E-0003
-1.56889320351183E-0003
-1.25953392125666E-0003
 5.52427198272198E-0004
 3.84489307180047E-0003
-7.44671840220690E-0003
-2.85052414983511E-0003
-2.05502915196121E-0003
-3.31456307321787E-0004
 3.00520379096270E-0003
 1.14241940900683E-0002
 8.39689280837774E-0004
-4.99394163489342E-0003
 1.03856308851391E-0003
-3.49133973941207E-0003
 5.56846568360925E-0003
-3.64601938053966E-0003
-5.48007758334279E-0003
 7.29203864466399E-0004
-5.52427198272198E-0004
 1.32582522928714E-0003
 9.23658255487680E-0003
 6.69541722163558E-0003
-6.29766983911395E-0003
 2.65165057498962E-0004
-2.80633009970188E-0003
 3.18198045715690E-0003
 1.14904856309294E-0003
-7.77817470952868E-0003
 6.62912643747404E-0005
-5.30330114997923E-0004
 7.07106781192124E-0004
 7.33623281121254E-0003
 1.09380576759576E-0002
-2.74003879167140E-0003
-2.14341748505831E-0003
-1.76776695298031E-0004
-1.25953392125666E-0003
 4.68458235263824E-0003
-7.02687352895737E-0003
-2.32019415125251E-0003
 1.19324272964149E-0003
-6.40815531369299E-0004
 4.15425235405564E-0003
 1.16672618314623E-0002
 2.65165045857430E-0003
-4.37522307038307E-0003
 1.56889320351183E-0003
-3.51343676447868E-0003
 5.10442722588778E-0003
-2.54116510041058E-0003
-6.40815543010831E-0003
 1.50260189548134E-0003
-1.19324272964149E-0003
 2.29809712618589E-0003
 9.12609696388245E-0003
 7.53510650247335E-0003
-5.98831055685878E-0003
 5.08232973515987E-0004
-2.25390284322202E-0003
 9.50174755416810E-0004
 3.40295140631497E-0003
-7.99914542585611E-0003
 7.07106781192124E-0004
-4.41941723693162E-0004
 3.75650473870337E-0004
 5.74524281546473E-0003
 1.04740187525749E-0002
-2.93891248293221E-0003
-4.06586378812790E-0003
 2.43067959672771E-0004
-3.42504843138158E-0003
 5.76733984053135E-0003
-6.20928127318621E-0003
-3.02730081602931E-0003
 5.08232973515987E-0004
-1.54679606202989E-0003
 3.31456307321787E-0003
 9.94368921965361E-0003
 4.77297091856599E-0003
-7.31413578614593E-0003
 1.06066022999584E-0003
-4.99394163489342E-0003
 3.18198045715690E-0003
-1.34792225435376E-0003
-7.88865983486175E-0003
 6.40815531369299E-0004
-7.07106781192124E-0004
 1.48050487041473E-0003
 5.63475722447038E-0003
 9.76691208779812E-0003
-5.65685424953699E-0003
-2.16551451012492E-0003
-1.85615534428507E-0003
-1.72357272822410E-0003
 3.86699009686708E-0003
-8.19801911711693E-0003
-2.07712617702782E-0003
-1.25953392125666E-0003
 6.85009697917849E-0004
 4.99394163489342E-0003
 9.87739767879248E-0003
 2.20970869122539E-0005
-6.03250460699201E-0003
-1.10485439654439E-0003
-5.81153389066458E-0003
 4.68458235263824E-0003
-3.13778640702367E-0003
-4.59619425237179E-0003
 8.83883447386324E-0004
 6.62912643747404E-0005
 3.00520379096270E-0003
 8.15382506698370E-0003
 7.55720352753997E-0003
-6.01040758192539E-0003
-4.64038836071268E-0004
-3.29246604815125E-0003
 5.30330114997923E-0004
 1.30372808780521E-0003
-7.24784471094608E-0003
-7.51300947740674E-0004
 7.29203864466399E-0004
 2.25390284322202E-0003
 6.18718424811959E-0003
 1.02088544517755E-0002
-7.95495114289224E-0004
-2.20970879308879E-0003
-1.21533975470811E-0003
-2.32019415125251E-0003
 4.41941758617759E-0003
-6.12089317291975E-0003
-4.19844640418887E-0003
 7.29203864466399E-0004
-5.74524281546473E-0004
 4.77297091856599E-0003
 1.23964659869670E-0002
 3.84489307180047E-0003
-3.88908735476434E-0003
 1.54679606202989E-0003
-4.19844640418887E-0003
 4.30893199518323E-0003
-2.20970879308879E-0003
-6.40815543010831E-0003
 1.78986403625458E-0003
-9.94368921965361E-0004
 2.32019415125251E-0003
 9.23658255487680E-0003
 9.08190291374922E-0003
-3.60182509757578E-0003
 2.20970869122539E-0005
-1.96664081886411E-0003
 1.19324272964149E-0003
 2.93891248293221E-0003
-8.88302922248840E-0003
-1.23743689619004E-0003
-4.41941723693162E-0004
 7.73398031014949E-0004
 7.40252388641238E-0003
 1.16230677813291E-0002
-9.72271838691086E-0004
-3.88908735476434E-0003
 5.74524281546473E-0004
-3.86699009686708E-0003
 4.97184460982680E-0003
-5.83363091573119E-0003
-4.77297091856599E-0003
 1.10485430923290E-0004
-1.98873784393072E-0003
 3.11568914912641E-0003
 9.72271803766489E-0003
 6.01040758192539E-0003
-5.81153389066458E-0003
 1.32582522928714E-0003
-4.04376676306129E-0003
 2.49697081744671E-0003
-2.65165057498962E-0004
-7.75607768446207E-0003
 2.20970861846581E-0004
-2.14341748505831E-0003
 1.45840772893279E-0003
 5.83363091573119E-0003
 9.83320362865925E-0003
-4.15425235405564E-0003
-1.78986403625458E-0003
-2.03293189406395E-0003
-1.76776689477265E-0003
 3.60182509757578E-0003
-7.95495137572289E-0003
-1.81196117773652E-0003
-1.43631070386618E-0003
 1.17114558815956E-0003
 3.69021343067288E-0003
 9.63432993739843E-0003
 1.76776689477265E-0003
-6.82799983769655E-0003
-4.64038836071268E-0004
-4.88345604389906E-0003
 4.90555306896567E-0003
-3.57972807250917E-0003
-5.56846568360925E-0003
-3.53553390596062E-0004
-7.73398031014949E-0004
 3.40295140631497E-0003
 6.89429091289639E-0003
 8.19801911711693E-0003
-5.34749496728182E-0003
-1.87825236935169E-0003
-3.88908735476434E-0003
 1.41421356238424E-0003
 2.62955343350768E-0003
-6.82799983769655E-0003
-5.96621364820749E-0004
-1.12695142161101E-0003
 9.05980588868260E-0004
 4.35312604531646E-0003
 1.00320773199200E-0002
-3.75650473870337E-0004
-3.29246604815125E-0003
-4.41941738245077E-0005
-1.85615534428507E-0003
 5.41378650814295E-0003
-4.68458235263824E-0003
-4.04376676306129E-0003
-2.20970861846581E-0004
-7.51300947740674E-0004
 3.24827176518738E-0003
 1.07612814754247E-0002
 4.77297091856599E-0003
-4.17634937912226E-0003
 1.03856308851391E-0003
-3.51343676447868E-0003
 3.97747568786144E-0003
-1.54679606202989E-0003
-6.91638840362430E-0003
 1.48050487041473E-0003
-1.06066022999584E-0003
 2.32019415125251E-0003
 9.36916470527649E-0003
 9.78900957852602E-0003
-3.82279604673386E-0003
-1.32582528749481E-0004
-1.85615534428507E-0003
 6.62912643747404E-0005
 4.39732009544969E-0003
-7.60139804333448E-0003
-1.30372808780521E-0003
-2.87262140773237E-0004
 8.61786364112049E-0004
 5.78943686559796E-0003
 1.05845043435692E-0002
 2.36438820138574E-0003
-2.91681545786560E-0003
 7.29203864466399E-0004
-2.71794176660478E-0003
 5.08233020082116E-0003
-4.08796127885580E-0003
-4.81716496869922E-0003
 6.62912643747404E-0005
-1.54679606202989E-0003
 3.42504843138158E-0003
 8.66205804049969E-0003
 5.98831055685878E-0003
-5.12652425095439E-0003
 6.18718448095024E-0004
-3.18198045715690E-0003
 2.18761153519154E-0003
 8.83883447386324E-0004
-7.51300947740674E-0003
 3.75650473870337E-0004
-1.67937856167555E-0003
 9.05980588868260E-0004
 5.43588353320956E-0003
 9.21448506414890E-0003
-3.88908735476434E-0003
-3.38085438124836E-0003
-1.25953392125666E-0003
-1.19324272964149E-0003
 5.54636865854263E-0003
-6.91638840362430E-0003
-2.07712617702782E-0003
-2.05502915196121E-0003
-1.78986403625458E-0003
 3.15988343209028E-0003
 9.12609696388245E-0003
 2.85052414983511E-0003
-5.50217460840940E-0003
 3.97747557144612E-0004
-4.37522307038307E-0003
 4.06586378812790E-0003
-3.64601938053966E-0003
-6.20928127318621E-0003
 1.98873778572306E-0004
-1.30372808780521E-0003
 2.29809712618589E-0003
 5.92201948165894E-0003
 8.44108685851097E-0003
-6.18718424811959E-0003
-1.17114558815956E-0003
-3.38085438124836E-0003
-1.76776695298031E-0004
 3.91118461266160E-0003
-7.22574722021818E-0003
-1.17114558815956E-0003
-1.34792225435376E-0003
 8.61786364112049E-0004
 4.06586378812790E-0003
 8.72834958136082E-0003
-1.23743689619004E-0003
-4.30893199518323E-0003
-1.67937856167555E-0003
-2.43067950941622E-0003
 6.43025245517492E-0003
-4.08796127885580E-0003
-3.33666009828448E-0003
 2.20970869122539E-0005
-1.76776695298031E-0004
 3.20407771505415E-0003
 8.61786399036646E-0003
 6.23137829825282E-0003
-5.98831055685878E-0003
-9.94368921965361E-0004
-3.02730081602931E-0003
 3.11568914912641E-0003
 1.78986403625458E-0003
-5.83363091573119E-0003
 8.17592197563499E-0004
 1.76776695298031E-0004
 6.62912614643574E-0004
 6.01040758192539E-0003
 1.00541748106479E-0002
-3.15988343209028E-0003
-1.48050487041473E-0003
-8.17592197563499E-0004
-9.72271838691086E-0004
 5.30330091714859E-0003
-6.82799983769655E-0003
-1.50260189548134E-0003
 5.30330114997923E-0004
-1.76776695298031E-0004
 5.03813568502665E-0003
 1.12474169582128E-0002
 1.90034951083362E-0003
-3.88908735476434E-0003
 9.50174755416810E-0004
-3.27036879025400E-0003
 5.43588353320956E-0003
-2.65165045857430E-0003
-5.28120389208198E-0003
 2.27599986828864E-0003
-1.01646594703197E-0003
 2.89471843279898E-0003
 8.99351481348276E-0003
 7.35832983627915E-0003
-4.19844640418887E-0003
-2.43067959672771E-0004
-2.91681545786560E-0003
 1.78986403625458E-0003
 2.60745617561042E-0003
-7.80027173459530E-0003
 3.31456307321787E-0004
-1.17114558815956E-0003
 9.94368921965361E-0004
 6.60702912136912E-0003
 1.00099807605147E-0002
-2.38648545928299E-0003
-3.18198045715690E-0003
-8.83883447386324E-0004
-3.11568914912641E-0003
 5.59056317433715E-0003
-5.72314532473683E-0003
-3.04939807392657E-0003
 4.64038836071268E-0004
 4.41941738245077E-0005
 3.07149509899318E-0003
 8.83883517235517E-0003
 3.66811640560627E-0003
-7.53510650247335E-0003
 5.30330114997923E-0004
-4.99394163489342E-0003
 3.80069902166724E-0003
-2.43067959672771E-0004
-6.27557281404734E-0003
 3.53553390596062E-0004
-8.83883447386324E-0004
 1.23743689619004E-0003
 6.91638840362430E-0003
 9.36916470527649E-0003
-5.89992199093103E-0003
-1.67937856167555E-0003
-3.46924271434546E-0003
-1.06066022999584E-0003
 2.71794176660478E-0003
-8.33060219883919E-0003
-8.83883447386324E-0004
-6.85009697917849E-0004
 1.50260189548134E-0003
 3.84489307180047E-0003
 9.52384434640408E-0003
-3.09359224047512E-0004
-5.76733984053135E-0003
-8.83883447386324E-0004
-4.26473794505000E-0003
 4.97184460982680E-0003
-4.68458235263824E-0003
-4.59619425237179E-0003
-4.86135919345543E-0004
 6.62912643747404E-0005
 2.82842712476850E-0003
 8.72834958136082E-0003
 6.58493209630251E-0003
-7.62349506840110E-0003
-1.43631070386618E-0003
-5.34749496728182E-0003
 1.28163106273859E-0003
 4.19844640418887E-0004
-6.03250460699201E-0003
 1.39211642090231E-0003
-8.83883476490155E-0005
 2.93891248293221E-0003
 5.08233020082116E-0003
 9.54594183713198E-0003
-2.93891248293221E-0003
-3.91118461266160E-0003
-1.50260189548134E-0003
-3.42504843138158E-0003
 4.77297091856599E-0003
-5.54636865854263E-0003
-2.74003879167140E-0003
 1.06066022999584E-0003
 1.48050487041473E-0003
 4.39732009544969E-0003
 1.07833780348300E-0002
 3.44714545644820E-0003
-4.26473794505000E-0003
 4.19844640418887E-0004
-5.87782496586442E-0003
 4.17634937912226E-0003
-2.20970879308879E-0003
-6.14299019798636E-0003
 9.05980588868260E-0004
-6.62912643747404E-0005
 3.15988343209028E-0003
 9.30287316441536E-0003
 9.72271803766489E-0003
-4.11005830392241E-0003
 3.53553390596062E-0004
-3.11568914912641E-0003
-3.75650473870337E-0004
 2.58535915054381E-0003
-7.86656327545643E-0003
 3.75650473870337E-0004
 8.39689280837774E-0004
 1.70147570315748E-0003
 6.16508722305298E-0003
 1.08496695756912E-0002
 2.20970869122539E-0005
-3.09359212405980E-0003
 1.10485430923290E-0004
-3.31456307321787E-0003
 5.65685424953699E-0003
-6.36396091431379E-0003
-4.17634937912226E-0003
 6.40815531369299E-0004
-9.94368921965361E-0004
 5.67895127460361E-0003
 1.03856306523084E-0002
 5.56846568360925E-0003
-5.12652425095439E-0003
-3.53553390596062E-0004
-4.70667937770486E-0003
 2.62955343350768E-0003
-1.14904856309294E-0003
-7.66768911853433E-0003
 4.19844640418887E-0004
-9.28077672142535E-0004
 2.69584450870752E-0003
 6.16508722305298E-0003
 1.04740187525749E-0002
-3.99957271292806E-0003
-2.01083486899734E-0003
-1.78986403625458E-0003
-1.30372808780521E-0003
 4.37522307038307E-0003
-7.97704793512821E-0003
-2.07712617702782E-0003
-1.52469903696328E-0003
-1.76776695298031E-0004
 3.42504843138158E-0003
 1.09822526574134E-0002
 1.90034951083362E-0003
-5.12652425095439E-0003
 5.96621364820749E-0004
-5.41378650814295E-0003
 5.23700937628746E-0003
-4.61829127743840E-0003
-5.72314532473683E-0003
 1.10485430923290E-0004
-9.05980588868260E-0004
 2.51906784251332E-0003
 7.20365019515157E-0003
 7.73398019373417E-0003
-6.54073758050799E-0003
-1.10485430923290E-0004
-3.97747568786144E-0003
 7.29203864466399E-0004
 1.23743689619004E-0003
-7.57930101826787E-0003
-1.76776695298031E-0004
-1.28163106273859E-0003
 2.29809712618589E-0003
 5.41378650814295E-0003
 1.03635340929031E-0002
-2.82842712476850E-0003
-4.39732009544969E-0003
-1.52469903696328E-0003
-2.87262140773237E-0003
 4.48570866137743E-0003
-5.85572794079781E-0003
-2.36438820138574E-0003
-3.31456307321787E-0004
 8.83883476490155E-0005
 2.49697081744671E-0003
 9.25867911428213E-0003
 5.10442722588778E-0003
-6.40815543010831E-0003
 5.96621364820749E-0004
-3.60182509757578E-0003
 4.44151461124420E-0003
-1.76776695298031E-0004
-6.69541722163558E-0003
 3.53553390596062E-0004
-1.17114558815956E-0003
 1.65728153660893E-0003
 6.51864055544138E-0003
 8.94931983202696E-0003
-4.26473794505000E-0003
-2.20970861846581E-0004
-2.25390284322202E-0003
-4.41941738245077E-0005
 4.48570866137743E-0003
-7.24784471094608E-0003
-8.83883447386324E-0004
 2.43067959672771E-0004
 3.75650473870337E-0004
 4.50780568644404E-0003
 1.16230677813291E-0002
 3.53553390596062E-0004
-4.19844640418887E-0003
 1.01646594703197E-0003
-3.99957271292806E-0003
 6.36396091431379E-0003
-3.97747568786144E-0003
-4.83926199376583E-0003
 2.27599986828864E-0003
-7.51300947740674E-0004
 2.18761153519154E-0003
 9.83320362865925E-0003
 6.89429091289639E-0003
-4.92765055969358E-0003
 1.65728153660893E-0003
-4.28683497011662E-0003
 2.65165045857430E-0003
 4.19844640418887E-0004
-7.62349506840110E-0003
 9.28077672142535E-0004
-9.50174755416810E-0004
 1.78986403625458E-0003
 6.36396091431379E-0003
 1.05403102934360E-0002
-4.41941758617759E-0003
-2.38648545928299E-0003
-1.61308737006038E-0003
-1.45840772893279E-0003
 6.03250460699201E-0003
-7.62349506840110E-0003
-1.28163106273859E-0003
-8.39689280837774E-0004
 5.30330114997923E-0004
 2.89471843279898E-0003
 9.72271803766489E-0003
 2.36438820138574E-0003
-6.56283460557461E-0003
 9.05980588868260E-0004
-5.92201948165894E-0003
 5.34749496728182E-0003
-1.98873784393072E-0003
-5.43588353320956E-0003
 1.30372808780521E-0003
-4.19844640418887E-0004
 2.14341748505831E-0003
 6.51864055544138E-0003
 8.92722327262163E-0003
-7.51300947740674E-0003
-9.72271838691086E-0004
-4.70667937770486E-0003
 2.65165057498962E-0004
 1.94454367738217E-0003
-7.88865983486175E-0003
 8.61786364112049E-0004
-7.51300947740674E-0004
 2.82842712476850E-0003
 3.18198045715690E-0003
 1.07833780348300E-0002
-2.05502915196121E-0003
-5.32539794221520E-0003
-1.92244653590024E-0003
-4.44151461124420E-0003
 5.92201948165894E-0003
-5.98831055685878E-0003
-2.40858248434961E-0003
-3.75650473870337E-0004
 1.63518439512700E-0003
 3.71231068857014E-0003
 8.55157244950533E-0003
