 2.34999999403954E-0001
-1.46249994635582E-0001
 1.08750000596046E-0001
-1.18749998509883E-0001
 1.21249996125698E-0001
-9.62499976158142E-0002
-3.42500001192093E-0001
-1.99999995529652E-0002
-7.99999982118607E-0002
 4.37499992549419E-0002
 3.29999983310699E-0001
 4.33750003576279E-0001
-7.24999979138374E-0002
 1.99999995529652E-0002
-4.62500005960464E-0002
-3.74999991618097E-0003
 9.37500000000000E-0002
-4.11249995231628E-0001
-1.52500003576279E-0001
-3.87500002980232E-0002
-1.62499994039536E-0002
 2.18750000000000E-0001
 5.12499988079071E-0001
 1.03749997913837E-0001
-1.04999996721744E-0001
 4.12499979138374E-0002
-1.11249998211860E-0001
 2.07499995827675E-0001
-2.71249979734421E-0001
-3.05000007152557E-0001
-5.99999986588955E-0002
-9.62499976158142E-0002
 8.99999961256981E-0002
 4.21249985694885E-0001
 3.08750003576279E-0001
-1.55000001192093E-0001
 6.62499964237213E-0002
-8.99999961256981E-0002
 1.08750000596046E-0001
-4.25000004470348E-0002
-3.75000000000000E-0001
-5.87499998509884E-0002
-8.37499946355820E-0002
 1.75000000745058E-0002
 2.28749990463257E-0001
 4.28749978542328E-0001
-7.62500017881393E-0002
-2.12500002235174E-0002
-1.12499995157122E-0002
-8.99999961256981E-0002
 1.21249996125698E-0001
-3.22499990463257E-0001
-1.56250000000000E-0001
-6.49999976158142E-0002
-5.99999986588955E-0002
 1.32499992847443E-0001
 4.38749998807907E-0001
 1.68750002980232E-0001
-1.22499994933605E-0001
 9.37500000000000E-0002
-1.40000000596046E-0001
 8.87499973177910E-0002
-1.91249996423721E-0001
-2.69999980926514E-0001
-7.75000005960465E-0002
-1.46249994635582E-0001
 7.62500017881393E-0002
 2.97499984502792E-0001
 4.43749994039536E-0001
-9.37500000000000E-0002
 3.37499976158142E-0002
-4.99999970197678E-0002
-3.37499976158142E-0002
 3.87500002980232E-0002
-3.13749998807907E-0001
-8.62499997019768E-0002
-1.26249998807907E-0001
-1.99999995529652E-0002
 1.49999991059303E-0001
 4.63749974966049E-0001
 6.87500014901161E-0002
-1.44999995827675E-0001
 1.01250000298023E-0001
-8.99999961256981E-0002
 1.23749993741512E-0001
-2.37499997019768E-0001
-1.86250001192093E-0001
-7.00000002980232E-0002
-1.48749992251396E-0001
 6.87500014901161E-0002
 4.07499998807907E-0001
 3.40000003576279E-0001
-1.61249995231628E-0001
 7.24999979138374E-0002
-8.75000003725290E-0003
 5.12499995529652E-0002
-9.87499952316284E-0002
-2.63749986886978E-0001
-1.18749998509883E-0001
-1.85000002384186E-0001
 4.37499992549419E-0002
 2.48750001192093E-0001
 5.13750016689301E-0001
 9.99999977648258E-0003
-3.12500000000000E-0002
 6.62499964237213E-0002
-2.24999990314245E-0002
 9.25000011920929E-0002
-3.51249992847443E-0001
-1.86250001192093E-0001
-1.59999996423721E-0001
-4.99999970197678E-0002
 1.61249995231628E-0001
 4.68750000000000E-0001
 2.75000005960464E-0001
-1.41249999403954E-0001
 9.99999940395355E-0002
-4.74999994039536E-0002
 1.16250000894069E-0001
-1.93749994039536E-0001
-2.86249995231628E-0001
-1.48749992251396E-0001
-1.51249989867210E-0001
 1.29999995231628E-0001
 3.62499982118607E-0001
 4.18749988079071E-0001
-7.75000005960465E-0002
 4.99999988824129E-0003
-6.12499974668026E-0002
 9.49999988079071E-0002
-2.62499991804361E-0002
-4.03750002384186E-0001
-1.37500002980232E-0001
-1.67499989271164E-0001
 2.62499991804361E-0002
 2.99999982118607E-0001
 5.56249976158142E-0001
 6.49999976158142E-0002
-7.75000005960465E-0002
 1.49999996647238E-0002
-1.07499994337558E-0001
 1.23749993741512E-0001
-4.24999982118607E-0001
-2.13749989867210E-0001
-8.50000008940697E-0002
-5.87499998509884E-0002
 1.94999992847443E-0001
 4.48749989271164E-0001
 2.59999990463257E-0001
-1.22499994933605E-0001
 1.41249999403954E-0001
-1.66249990463257E-0001
 1.06249995529651E-0001
-1.36250004172325E-0001
-3.29999983310699E-0001
-7.62500017881393E-0002
-1.51249989867210E-0001
 4.25000004470348E-0002
 2.80000001192093E-0001
 4.09999996423721E-0001
-9.25000011920929E-0002
 1.01250000298023E-0001
-1.24999992549419E-0002
-8.24999958276749E-0002
-1.12499995157122E-0002
-3.81249994039536E-0001
-1.28749996423721E-0001
-9.99999940395355E-0002
 3.99999991059303E-0002
 2.19999998807907E-0001
 4.53749984502792E-0001
 4.37499992549419E-0002
-8.74999985098839E-0002
 7.37499967217445E-0002
-1.91249996423721E-0001
 5.62499985098839E-0002
-2.36249998211861E-0001
-2.39999994635582E-0001
-5.99999986588955E-0002
-2.62499991804361E-0002
 7.37499967217445E-0002
 3.98749977350235E-0001
 2.38749995827675E-0001
-1.63749992847443E-0001
 1.43749997019768E-0001
-1.42499998211861E-0001
 8.12499970197678E-0002
-8.87499973177910E-0002
-3.06250005960464E-0001
-9.87499952316284E-0002
-1.29999995231628E-0001
 6.24999962747097E-0003
 2.57499992847443E-0001
 4.59999978542328E-0001
-9.25000011920929E-0002
 5.99999986588955E-0002
 5.37499971687794E-0002
-7.12499991059303E-0002
 1.06249995529651E-0001
-3.32499980926514E-0001
-1.64999991655350E-0001
-9.99999940395355E-0002
-5.49999997019768E-0002
 1.23749993741512E-0001
 4.14999991655350E-0001
 1.53750002384186E-0001
-8.87499973177910E-0002
 1.56250000000000E-0001
-7.49999955296516E-0002
 1.52500003576279E-0001
-1.73749998211861E-0001
-2.76250004768372E-0001
-1.01250000298023E-0001
-1.66249990463257E-0001
 1.03749997913837E-0001
 3.77499997615814E-0001
 3.47499996423721E-0001
-9.99999940395355E-0002
 1.40000000596046E-0001
-9.62499976158142E-0002
 4.12499979138374E-0002
 5.24999983608723E-0002
-3.51249992847443E-0001
-2.39999994635582E-0001
-2.09999993443489E-0001
 1.44999995827675E-0001
 2.17500001192093E-0001
 5.29999971389770E-0001
 8.37499946355820E-0002
 0.00000000000000E+0000
 2.99999993294477E-0002
-1.01250000298023E-0001
 1.68750002980232E-0001
-4.09999996423721E-0001
-2.56249994039536E-0001
-9.99999940395355E-0002
-6.62499964237213E-0002
 1.21249996125698E-0001
 4.23749983310699E-0001
 2.87499994039536E-0001
-1.22499994933605E-0001
 1.28749996423721E-0001
-1.17499999701976E-0001
 1.89999997615814E-0001
-8.87499973177910E-0002
-4.18749988079071E-0001
-2.91249990463257E-0001
-6.87500014901161E-0002
 1.52500003576279E-0001
 2.53749996423721E-0001
 5.08749961853027E-0001
-9.12499949336052E-0002
 6.37499988079071E-0002
-5.87499998509884E-0002
-7.49999955296516E-0002
 4.12499979138374E-0002
-4.19999986886978E-0001
-1.21249996125698E-0001
-1.11249998211860E-0001
-2.99999993294477E-0002
 1.34999990463257E-0001
 4.86249983310699E-0001
 1.11249998211860E-0001
-1.37499999254942E-0002
 1.19999997317791E-0001
-1.71250000596046E-0001
 1.43749997019768E-0001
-1.93749994039536E-0001
-3.63749980926514E-0001
-2.78750002384186E-0001
 6.12499974668026E-0002
 1.37500002980232E-0001
 3.46249997615814E-0001
 4.03750002384186E-0001
-1.70000001788139E-0001
 4.99999970197678E-0002
-1.40000000596046E-0001
-2.12500002235174E-0002
-1.22499994933605E-0001
-3.82499992847443E-0001
-5.74999973177910E-0002
-5.12499995529652E-0002
 2.49999994412065E-0003
 2.36249998211861E-0001
 5.48749983310699E-0001
-3.87500002980232E-0002
 8.75000003725290E-0003
-1.24999997206032E-0003
-1.34999990463257E-0001
 7.99999982118607E-0002
-3.06250005960464E-0001
-2.11249992251396E-0001
-1.89999997615814E-0001
 2.62499991804361E-0002
 1.37500002980232E-0001
 4.32500004768372E-0001
 2.54999995231628E-0001
-1.16250000894069E-0001
 1.70000001788139E-0001
-1.16250000894069E-0001
 1.09999999403953E-0001
-1.55000001192093E-0001
-3.14999997615814E-0001
-2.62499991804361E-0002
-8.50000008940697E-0002
 1.24999992549419E-0002
 3.03749978542328E-0001
 4.08749997615814E-0001
-9.99999940395355E-0002
 1.41249999403954E-0001
-5.87499998509884E-0002
-1.24999992549419E-0002
 8.99999961256981E-0002
-3.38750004768372E-0001
-1.66249990463257E-0001
-1.09999999403953E-0001
 1.07499994337558E-0001
 1.61249995231628E-0001
 4.41249996423721E-0001
 5.87499998509884E-0002
-3.62499989569187E-0002
 9.37500000000000E-0002
-1.19999997317791E-0001
 1.66249990463257E-0001
-2.78750002384186E-0001
-2.54999995231628E-0001
-6.74999952316284E-0002
-3.62499989569187E-0002
 9.87499952316284E-0002
 4.19999986886978E-0001
 3.10000002384186E-0001
-9.37500000000000E-0002
 1.59999996423721E-0001
-1.42499998211861E-0001
 8.87499973177910E-0002
-7.99999982118607E-0002
-3.96249979734421E-0001
-1.19999997317791E-0001
-1.09999999403953E-0001
 6.12499974668026E-0002
 2.61249989271164E-0001
 4.48749989271164E-0001
-4.49999980628490E-0002
 8.75000003725290E-0003
 2.24999990314245E-0002
-3.74999991618097E-0003
 1.43749997019768E-0001
-3.61249983310699E-0001
-2.11249992251396E-0001
-9.99999940395355E-0002
-4.99999970197678E-0002
 1.33749991655350E-0001
 4.42499995231628E-0001
 1.14999994635582E-0001
-7.12499991059303E-0002
 9.62499976158142E-0002
-1.18749998509883E-0001
 1.64999991655350E-0001
-2.02500000596046E-0001
-3.11250001192093E-0001
-4.62500005960464E-0002
-8.99999961256981E-0002
 6.24999962747097E-0003
 3.36250007152557E-0001
 3.26249986886978E-0001
-1.09999999403953E-0001
 8.87499973177910E-0002
-2.99999993294477E-0002
 4.37499992549419E-0002
-2.99999993294477E-0002
-4.33750003576279E-0001
-1.51249989867210E-0001
-9.37500000000000E-0002
-8.99999961256981E-0002
 1.88749998807907E-0001
 4.41249996423721E-0001
 1.87499988824129E-0002
 1.37499999254942E-0002
 9.62499976158142E-0002
-7.00000002980232E-0002
 1.31249994039536E-0001
-3.71250003576279E-0001
-2.82499998807907E-0001
-6.24999962747097E-0003
-1.41249999403954E-0001
 1.62499994039536E-0002
 4.18749988079071E-0001
 2.06249997019768E-0001
-1.03749997913837E-0001
 1.53750002384186E-0001
-7.87499994039535E-0002
 1.43749997019768E-0001
-8.37499946355820E-0002
-3.70000004768372E-0001
-4.99999970197678E-0002
-9.25000011920929E-0002
-5.37499971687794E-0002
 2.73750007152557E-0001
 3.63749980926514E-0001
-1.31249994039536E-0001
 9.37500000000000E-0002
 5.87499998509884E-0002
 1.62499994039536E-0002
 1.28749996423721E-0001
-3.73750001192093E-0001
-1.41249999403954E-0001
-5.99999986588955E-0002
-1.16250000894069E-0001
 1.23749993741512E-0001
 4.29999977350235E-0001
 6.37499988079071E-0002
-2.99999993294477E-0002
 1.67499989271164E-0001
-8.50000008940697E-0002
 2.02500000596046E-0001
-2.32500001788139E-0001
-3.23749989271164E-0001
-1.87499988824129E-0002
-1.29999995231628E-0001
 0.00000000000000E+0000
 3.48749995231628E-0001
 2.73750007152557E-0001
-1.11249998211860E-0001
 1.93749994039536E-0001
-2.49999985098839E-0002
 1.66249990463257E-0001
 4.99999970197678E-0002
-4.01250004768372E-0001
-7.49999955296516E-0002
-1.16250000894069E-0001
-1.27499997615814E-0001
 1.62499994039536E-0001
 4.02500003576279E-0001
-5.99999986588955E-0002
 7.99999982118607E-0002
 1.21249996125698E-0001
 1.99999995529652E-0002
 2.62499988079071E-0001
-3.29999983310699E-0001
-2.06249997019768E-0001
-7.87499994039535E-0002
-1.81249991059303E-0001
 5.12499995529652E-0002
 4.19999986886978E-0001
 1.78749993443489E-0001
-5.62499985098839E-0002
 1.93749994039536E-0001
-8.12499970197678E-0002
 2.13749989867210E-0001
-1.63749992847443E-0001
-3.51249992847443E-0001
-6.37499988079071E-0002
-1.52500003576279E-0001
-4.25000004470348E-0002
 2.83749997615814E-0001
 3.59999984502792E-0001
-1.09999999403953E-0001
 1.99999988079071E-0001
 7.49999983236194E-0003
 7.62500017881393E-0002
 1.08750000596046E-0001
-3.86249989271164E-0001
-1.58749997615814E-0001
-1.66249990463257E-0001
-1.31249994039536E-0001
 8.99999961256981E-0002
 3.96249979734421E-0001
 9.99999977648258E-0003
 2.62499991804361E-0002
 1.40000000596046E-0001
-4.62500005960464E-0002
 2.09999993443489E-0001
-2.98749983310699E-0001
-2.53749996423721E-0001
-1.02499999105930E-0001
-1.89999997615814E-0001
 1.37499999254942E-0002
 3.41250002384186E-0001
 2.03749999403954E-0001
-1.51249989867210E-0001
 2.14999988675118E-0001
-7.12499991059303E-0002
 1.46249994635582E-0001
-4.74999994039536E-0002
-4.02500003576279E-0001
-8.62499997019768E-0002
-1.29999995231628E-0001
-8.99999961256981E-0002
 2.21249997615814E-0001
 4.28749978542328E-0001
-8.62499997019768E-0002
 1.02499999105930E-0001
 6.37499988079071E-0002
-3.62499989569187E-0002
 1.13749995827674E-0001
-3.71250003576279E-0001
-1.55000001192093E-0001
-8.87499973177910E-0002
-8.50000008940697E-0002
 9.37500000000000E-0002
 4.36250001192093E-0001
 9.49999988079071E-0002
-7.87499994039535E-0002
 2.09999993443489E-0001
-5.49999997019768E-0002
 1.93749994039536E-0001
-1.92499995231628E-0001
-2.59999990463257E-0001
-6.74999952316284E-0002
-1.79999992251396E-0001
-2.62499991804361E-0002
 3.01249980926514E-0001
 3.08750003576279E-0001
-1.12499997019767E-0001
 2.26249992847443E-0001
-2.24999990314245E-0002
 9.37500000000000E-0002
 7.00000002980232E-0002
-3.78749996423721E-0001
-7.12499991059303E-0002
-1.21249996125698E-0001
-4.25000004470348E-0002
 1.61249995231628E-0001
 4.28749978542328E-0001
-6.62499964237213E-0002
 4.25000004470348E-0002
 1.21249996125698E-0001
-7.12499991059303E-0002
 2.26249992847443E-0001
-2.80000001192093E-0001
-1.94999992847443E-0001
-1.06249995529651E-0001
-1.22499994933605E-0001
 6.49999976158142E-0002
 4.05000001192093E-0001
 2.14999988675118E-0001
-9.37500000000000E-0002
 2.09999993443489E-0001
-9.12499949336052E-0002
 1.93749994039536E-0001
-1.06249995529651E-0001
-3.46249997615814E-0001
-1.11249998211860E-0001
-1.89999997615814E-0001
-2.87499986588955E-0002
 2.82499998807907E-0001
 4.57499980926514E-0001
-1.40000000596046E-0001
 1.58749997615814E-0001
 5.49999997019768E-0002
 8.75000003725290E-0003
 1.49999991059303E-0001
-3.73750001192093E-0001
-1.31249994039536E-0001
-2.29999989271164E-0001
-1.16250000894069E-0001
 1.12499997019767E-0001
 4.29999977350235E-0001
 1.01250000298023E-0001
-9.12499949336052E-0002
 1.85000002384186E-0001
-8.37499946355820E-0002
 1.78749993443489E-0001
-2.07499995827675E-0001
-2.36249998211861E-0001
-1.25000000000000E-0001
-1.88749998807907E-0001
-2.12500002235174E-0002
 3.13749998807907E-0001
 3.19999992847443E-0001
-1.51249989867210E-0001
 1.49999991059303E-0001
 1.37499999254942E-0002
 7.00000002980232E-0002
-4.37499992549419E-0002
-3.29999983310699E-0001
-1.48749992251396E-0001
-1.82499989867210E-0001
-7.75000005960465E-0002
 1.62499994039536E-0001
 5.08749961853027E-0001
-4.99999988824129E-0003
 2.12500002235174E-0002
 1.41249999403954E-0001
-3.74999991618097E-0003
 9.99999940395355E-0002
-3.31249982118607E-0001
-2.01250001788139E-0001
-1.66249990463257E-0001
-9.62499976158142E-0002
 3.74999977648258E-0002
 4.21249985694885E-0001
 2.42499992251396E-0001
-1.64999991655350E-0001
 1.79999992251396E-0001
 9.99999977648258E-0003
 1.07499994337558E-0001
-1.01250000298023E-0001
-2.33750000596046E-0001
-9.74999964237213E-0002
-2.02500000596046E-0001
-1.37499999254942E-0002
 2.73750007152557E-0001
 3.57499986886978E-0001
-1.46249994635582E-0001
 7.00000002980232E-0002
 8.62499997019768E-0002
 4.87499982118607E-0002
 6.62499964237213E-0002
-2.99999982118607E-0001
-1.17499999701976E-0001
-1.56250000000000E-0001
-1.01250000298023E-0001
 1.73749998211861E-0001
 4.54999983310699E-0001
 4.12499979138374E-0002
-1.02499999105930E-0001
 1.61249995231628E-0001
-1.12499995157122E-0002
 1.29999995231628E-0001
-2.50000000000000E-0001
-1.89999997615814E-0001
-9.25000011920929E-0002
-1.53750002384186E-0001
 4.87499982118607E-0002
 3.92499983310699E-0001
 2.75000005960464E-0001
-1.09999999403953E-0001
 1.16250000894069E-0001
-1.37499999254942E-0002
 1.70000001788139E-0001
-6.37499988079071E-0002
-3.16249996423721E-0001
-1.27499997615814E-0001
-1.71250000596046E-0001
-4.62500005960464E-0002
 2.31249988079071E-0001
 4.59999978542328E-0001
-7.87499994039535E-0002
 3.99999991059303E-0002
 8.24999958276749E-0002
 2.37499997019768E-0002
 1.17499999701976E-0001
-3.05000007152557E-0001
-1.51249989867210E-0001
-1.74999997019768E-0001
-1.18749998509883E-0001
 9.99999940395355E-0002
 4.43749994039536E-0001
 1.40000000596046E-0001
-1.16250000894069E-0001
 1.23749993741512E-0001
-3.87500002980232E-0002
 1.21249996125698E-0001
-1.93749994039536E-0001
-2.22499996423721E-0001
-1.41249999403954E-0001
-1.59999996423721E-0001
 2.87499986588955E-0002
 3.61249983310699E-0001
 3.14999997615814E-0001
-1.73749998211861E-0001
 1.40000000596046E-0001
-3.50000001490116E-0002
 8.50000008940697E-0002
-1.62499994039536E-0002
-3.21249991655350E-0001
-1.09999999403953E-0001
-2.26249992847443E-0001
-1.04999996721744E-0001
 1.94999992847443E-0001
 4.19999986886978E-0001
-4.49999980628490E-0002
 7.99999982118607E-0002
 1.12499997019767E-0001
-9.99999977648258E-0003
 1.81249991059303E-0001
-3.38750004768372E-0001
-1.74999997019768E-0001
-1.86250001192093E-0001
-1.52500003576279E-0001
 7.75000005960465E-0002
 3.83749991655350E-0001
 2.01250001788139E-0001
-1.12499997019767E-0001
 2.01250001788139E-0001
-8.74999985098839E-0002
 1.59999996423721E-0001
-1.27499997615814E-0001
-3.06250005960464E-0001
-5.12499995529652E-0002
-1.41249999403954E-0001
-1.24999992549419E-0002
 2.81250000000000E-0001
 3.93749982118607E-0001
-1.41249999403954E-0001
 1.23749993741512E-0001
 4.99999970197678E-0002
-2.62499991804361E-0002
 4.62500005960464E-0002
-3.38750004768372E-0001
-9.25000011920929E-0002
-1.58749997615814E-0001
-7.12499991059303E-0002
 1.82499989867210E-0001
 4.29999977350235E-0001
 5.74999973177910E-0002
-1.01250000298023E-0001
 1.53750002384186E-0001
-3.24999988079071E-0002
 1.29999995231628E-0001
-2.32500001788139E-0001
-2.09999993443489E-0001
-1.22499994933605E-0001
-2.39999994635582E-0001
 1.46249994635582E-0001
 3.88749986886978E-0001
 2.14999988675118E-0001
-1.61249995231628E-0001
 1.48749992251396E-0001
 1.17499999701976E-0001
 3.37499976158142E-0002
-7.00000002980232E-0002
-2.66249984502792E-0001
-1.29999995231628E-0001
-1.59999996423721E-0001
-3.87500002980232E-0002
 2.88749992847443E-0001
 4.03750002384186E-0001
-2.99999993294477E-0002
-4.12499979138374E-0002
 2.12500002235174E-0002
 3.62499989569187E-0002
 1.21249996125698E-0001
-2.77500003576279E-0001
-1.92499995231628E-0001
-9.99999940395355E-0002
-3.62499989569187E-0002
 1.55000001192093E-0001
 4.23749983310699E-0001
 1.08750000596046E-0001
-1.72499999403954E-0001
 1.94999992847443E-0001
 3.37499976158142E-0002
 5.87499998509884E-0002
-1.70000001788139E-0001
-2.73750007152557E-0001
-1.64999991655350E-0001
-1.93749994039536E-0001
 7.75000005960465E-0002
 3.92499983310699E-0001
 4.02500003576279E-0001
-1.09999999403953E-0001
 5.37499971687794E-0002
 9.99999977648258E-0003
 4.12499979138374E-0002
 4.74999994039536E-0002
-3.72500002384186E-0001
-1.77499994635582E-0001
-1.51249989867210E-0001
-4.87499982118607E-0002
 1.93749994039536E-0001
 4.28749978542328E-0001
-2.99999993294477E-0002
-5.49999997019768E-0002
 1.92499995231628E-0001
 7.49999983236194E-0003
 5.99999986588955E-0002
-2.77500003576279E-0001
-2.50000000000000E-0001
-1.93749994039536E-0001
-1.49999991059303E-0001
 1.61249995231628E-0001
 4.59999978542328E-0001
 2.57499992847443E-0001
-1.62499994039536E-0001
 1.03749997913837E-0001
 1.49999996647238E-0002
 4.12499979138374E-0002
-1.09999999403953E-0001
-3.41250002384186E-0001
-1.32499992847443E-0001
-1.59999996423721E-0001
 1.49999996647238E-0002
 3.17499995231628E-0001
 4.03750002384186E-0001
-7.24999979138374E-0002
 1.12499995157122E-0002
 6.12499974668026E-0002
-4.62500005960464E-0002
-1.62499994039536E-0002
-3.19999992847443E-0001
-1.26249998807907E-0001
-1.31249994039536E-0001
-4.49999980628490E-0002
 2.03749999403954E-0001
 4.61249977350235E-0001
 1.02499999105930E-0001
-1.67499989271164E-0001
 1.53750002384186E-0001
-5.12499995529652E-0002
 9.99999977648258E-0003
-2.13749989867210E-0001
-2.59999990463257E-0001
-9.87499952316284E-0002
-1.62499994039536E-0001
 9.87499952316284E-0002
 4.19999986886978E-0001
 3.22499990463257E-0001
-1.61249995231628E-0001
 1.01250000298023E-0001
 3.74999991618097E-0003
-1.24999992549419E-0002
-1.62499994039536E-0002
-3.16249996423721E-0001
-8.62499997019768E-0002
-1.96249991655350E-0001
 6.24999962747097E-0003
 2.83749997615814E-0001
 4.18749988079071E-0001
-1.87499988824129E-0002
-6.12499974668026E-0002
 2.19999998807907E-0001
-2.62499991804361E-0002
 3.99999991059303E-0002
-2.73750007152557E-0001
-1.96249991655350E-0001
-1.25000000000000E-0001
-9.99999940395355E-0002
 1.83749988675118E-0001
 4.53749984502792E-0001
 2.09999993443489E-0001
-1.41249999403954E-0001
 1.09999999403953E-0001
-6.87500014901161E-0002
 1.47499993443489E-0001
-1.01250000298023E-0001
-3.24999988079071E-0001
-1.01250000298023E-0001
-1.19999997317791E-0001
 9.37500000000000E-0002
 3.56249988079071E-0001
 4.17499989271164E-0001
-1.31249994039536E-0001
 4.74999994039536E-0002
 3.24999988079071E-0002
-2.37499997019768E-0002
 8.75000003725290E-0003
-3.29999983310699E-0001
-1.68750002980232E-0001
-1.67499989271164E-0001
 1.24999997206032E-0003
 2.69999980926514E-0001
 5.12499988079071E-0001
 7.75000005960465E-0002
-1.17499999701976E-0001
 8.87499973177910E-0002
-6.37499988079071E-0002
 1.51249989867210E-0001
-2.57499992847443E-0001
-3.01249980926514E-0001
-1.36250004172325E-0001
-1.17499999701976E-0001
 8.24999958276749E-0002
 4.03750002384186E-0001
 2.96249985694885E-0001
-1.43749997019768E-0001
 1.27499997615814E-0001
-4.74999994039536E-0002
 6.37499988079071E-0002
-6.37499988079071E-0002
-3.86249989271164E-0001
-1.03749997913837E-0001
-1.43749997019768E-0001
 1.99999995529652E-0002
 2.92499989271164E-0001
 4.32500004768372E-0001
-1.06249995529651E-0001
-2.49999985098839E-0002
 9.37500000000000E-0002
-9.12499949336052E-0002
 6.12499974668026E-0002
-3.64999979734421E-0001
-1.92499995231628E-0001
-1.22499994933605E-0001
-5.49999997019768E-0002
 1.70000001788139E-0001
 4.43749994039536E-0001
 1.49999991059303E-0001
-1.08750000596046E-0001
 1.37500002980232E-0001
-1.55000001192093E-0001
 5.99999986588955E-0002
-2.16250002384186E-0001
-3.21249991655350E-0001
-2.87499986588955E-0002
-9.12499949336052E-0002
-2.49999994412065E-0003
 3.81249994039536E-0001
 3.40000003576279E-0001
-2.06249997019768E-0001
 1.29999995231628E-0001
-5.62499985098839E-0002
 9.99999977648258E-0003
 6.24999962747097E-0003
-3.57499986886978E-0001
-1.18749998509883E-0001
-1.26249998807907E-0001
-6.74999952316284E-0002
 2.03749999403954E-0001
 4.63749974966049E-0001
-5.12499995529652E-0002
-4.25000004470348E-0002
 1.23749993741512E-0001
-7.62500017881393E-0002
 1.48749992251396E-0001
-2.86249995231628E-0001
-1.92499995231628E-0001
-4.99999970197678E-0002
-1.22499994933605E-0001
 6.12499974668026E-0002
 4.47499990463257E-0001
 1.94999992847443E-0001
-1.38750001788139E-0001
 1.63749992847443E-0001
-1.03749997913837E-0001
 1.34999990463257E-0001
-1.08750000596046E-0001
-3.38750004768372E-0001
-2.49999985098839E-0002
-7.75000005960465E-0002
-1.49999996647238E-0002
 3.49999994039536E-0001
 4.16249990463257E-0001
-1.01250000298023E-0001
 1.17499999701976E-0001
-3.87500002980232E-0002
 3.24999988079071E-0002
 9.87499952316284E-0002
-3.99999976158142E-0001
-1.86250001192093E-0001
-6.49999976158142E-0002
-1.87499988824129E-0002
 1.78749993443489E-0001
 5.31250000000000E-0001
 6.37499988079071E-0002
-3.87500002980232E-0002
 5.99999986588955E-0002
-1.01250000298023E-0001
 2.16250002384186E-0001
-2.73750007152557E-0001
-2.76250004768372E-0001
-4.25000004470348E-0002
-5.74999973177910E-0002
 9.62499976158142E-0002
 4.49999988079071E-0001
 2.53749996423721E-0001
-1.91249996423721E-0001
 7.62500017881393E-0002
-1.11249998211860E-0001
 1.40000000596046E-0001
-9.74999964237213E-0002
-3.51249992847443E-0001
-3.62499989569187E-0002
-5.24999983608723E-0002
 3.62499989569187E-0002
 2.97499984502792E-0001
 4.46249991655350E-0001
-1.25000000000000E-0001
-1.99999995529652E-0002
-3.24999988079071E-0002
-4.62500005960464E-0002
 1.13749995827674E-0001
-3.51249992847443E-0001
-1.32499992847443E-0001
-5.24999983608723E-0002
-8.87499973177910E-0002
 1.27499997615814E-0001
 4.59999978542328E-0001
 1.03749997913837E-0001
-1.01250000298023E-0001
 1.14999994635582E-0001
-1.21249996125698E-0001
 1.13749995827674E-0001
-2.27499991655350E-0001
-2.89999991655350E-0001
-6.62499964237213E-0002
-1.01250000298023E-0001
 4.99999970197678E-0002
 3.18749994039536E-0001
 2.96249985694885E-0001
-1.38750001788139E-0001
 9.49999988079071E-0002
-9.99999940395355E-0002
-1.62499994039536E-0002
 1.99999995529652E-0002
-3.36250007152557E-0001
-1.11249998211860E-0001
-7.00000002980232E-0002
-4.87499982118607E-0002
 1.68750002980232E-0001
 4.43749994039536E-0001
-7.87499994039535E-0002
-6.74999952316284E-0002
 4.62500005960464E-0002
-8.62499997019768E-0002
 1.01250000298023E-0001
-2.72500008344650E-0001
-1.51249989867210E-0001
-8.99999961256981E-0002
-1.44999995827675E-0001
 9.87499952316284E-0002
 4.49999988079071E-0001
 2.18750000000000E-0001
-1.56250000000000E-0001
 1.28749996423721E-0001
-8.99999961256981E-0002
 9.74999964237213E-0002
-9.25000011920929E-0002
-3.01249980926514E-0001
-5.87499998509884E-0002
-2.09999993443489E-0001
 1.24999997206032E-0003
 3.22499990463257E-0001
