 4.90555306896567E-0003
-1.12695144489407E-0002
 6.01040758192539E-0003
-1.10927373170852E-0002
-7.11526209488511E-0003
-8.97141732275486E-0003
 5.21491235122085E-0003
 5.39168901741505E-0003
 8.97141732275486E-0003
 1.02530485019087E-0002
-5.52427163347602E-0003
 1.17114558815956E-0002
-9.23658255487680E-0003
 3.80069902166724E-0003
-2.74003879167140E-0003
-1.15346796810627E-0002
-7.02687352895737E-0003
-3.57972807250917E-0003
 1.02530485019087E-0002
 2.07712617702782E-0003
 1.52911841869354E-0002
-5.83363091573119E-0003
 6.45234948024154E-0003
-2.65165057498962E-0004
-5.70104829967022E-0003
 4.55199973657727E-0003
-1.30814751610159E-0002
-4.81716496869922E-0003
-7.86656327545643E-0003
 1.06949899345636E-0002
 2.38648545928299E-0003
 1.02088544517755E-0002
 3.40295140631497E-0003
-4.28683497011662E-0003
 1.04740187525749E-0002
-1.07391839846968E-0002
 4.86135901883245E-0003
-9.10399947315454E-0003
-8.48528183996677E-0003
-6.58493209630251E-0003
 2.82842712476850E-0003
 9.89949516952038E-0003
 1.76776689477265E-0003
 1.14904856309294E-0002
-5.52427163347602E-0003
 1.11369313672184E-0002
-3.53553378954530E-0003
-3.04939807392657E-0003
-2.20970861846581E-0004
-1.37885818257927E-0002
-4.90555306896567E-0003
-5.30330091714859E-0003
 1.17556499317288E-0002
 2.47487379238009E-0003
 1.32140582427382E-0002
-6.18718448095024E-0004
 1.54679606202989E-0003
 7.42462137714028E-0003
-9.14819352328777E-0003
 3.13778640702367E-0003
-1.11369313672184E-0002
-4.77297091856599E-0003
-7.99914542585611E-0003
 6.67332019656897E-0003
 4.46361163631082E-0003
 2.20970879308879E-0003
 1.13579025492072E-0002
-4.68458235263824E-0003
 1.27721158787608E-0002
-6.76170876249671E-0003
-1.67937856167555E-0003
-3.57972807250917E-0003
-1.06507958844304E-0002
-4.15425235405564E-0003
-4.59619425237179E-0003
 1.08275730162859E-0002
-7.95495114289224E-0004
 1.29488930106163E-0002
 4.86135919345543E-0004
 4.50780568644404E-0003
 2.87262140773237E-0003
-9.14819352328777E-0003
 3.22617474012077E-0003
-9.28077660501003E-0003
-3.53553378954530E-0003
-6.09879614785314E-0003
 5.78943686559796E-0003
 2.25390284322202E-0003
 7.60139804333448E-0003
 7.38042686134577E-0003
-1.59099022857844E-0003
 8.35269875824451E-0003
-1.10043492168188E-0002
 2.91681545786560E-0003
-5.12652425095439E-0003
-7.99914542585611E-0003
-6.93848542869091E-0003
 6.18718448095024E-0004
 7.99914542585611E-0003
 3.71231068857014E-0003
 1.44956894218921E-0002
-5.48007758334279E-0003
 8.57366994023323E-0003
-5.34749496728182E-0003
-4.46361163631082E-0003
 2.47487379238009E-0003
-1.19766211137175E-0002
-5.12652425095439E-0003
-6.62912614643574E-0003
 1.07391839846968E-0002
 1.72357272822410E-0003
 1.45840775221586E-0002
 1.72357272822410E-0003
-3.53553390596062E-0004
 6.40815543010831E-0003
-9.54594183713198E-0003
 6.98267947882414E-0003
-1.02530485019087E-0002
-7.46881542727351E-0003
-9.54594183713198E-0003
 4.11005830392241E-0003
 5.96621353179216E-0003
 6.18718424811959E-0003
 1.21975922957062E-0002
-7.15945614501834E-0003
 1.10927373170852E-0002
-7.46881542727351E-0003
 1.50260189548134E-0003
-1.19324272964149E-0003
-1.26837277784943E-0002
-4.41941758617759E-0003
-2.60745617561042E-0003
 9.50174778699875E-0003
 1.32582528749481E-0004
 1.33908344432711E-0002
-5.30330091714859E-0003
 4.99394163489342E-0003
 1.98873784393072E-0003
-7.51300947740674E-0003
 3.97747568786144E-0003
-1.29488930106163E-0002
-5.08233020082116E-0003
-6.62912614643574E-0003
 1.02972425520420E-0002
 2.78423284180462E-0003
 8.08753352612257E-0003
 4.55199973657727E-0003
-2.82842712476850E-0003
 1.21092032641172E-0002
-1.10485432669520E-0002
 3.53553378954530E-0003
-9.05980542302132E-0003
-8.44108685851097E-0003
-7.33623281121254E-0003
-7.51300947740674E-0004
 1.09601551666855E-0002
 7.07106781192124E-0004
 1.35676115751266E-0002
-5.52427163347602E-0003
 1.00320773199200E-0002
-1.06066022999584E-0003
-4.77297091856599E-0003
 1.54679606202989E-0003
-1.26395337283611E-0002
-3.22617474012077E-0003
-7.33623281121254E-0003
 1.04298247024416E-0002
-1.01646594703197E-0003
 9.59013588726521E-0003
 2.78423284180462E-0003
 6.18718448095024E-0004
 9.98788326978683E-0003
-1.01646604016423E-0002
 4.19844640418887E-0003
-9.76691208779812E-0003
-5.65685424953699E-0003
-6.14299019798636E-0003
 4.41941758617759E-0003
 5.17071830108762E-0003
 1.50260189548134E-0003
 1.19324270635843E-0002
-4.94974758476019E-0003
 1.05624077841639E-0002
-7.24784471094608E-0003
-3.35875712335110E-0003
 4.41941738245077E-0005
-9.63432993739843E-0003
-2.69584450870752E-0003
-4.37522307038307E-0003
 9.98788326978683E-0003
-5.74524281546474E-0004
 1.25953396782279E-0002
 2.65165057498962E-0004
 4.02166973799467E-0003
 1.98873784393072E-0003
-1.01646604016423E-0002
 4.33102902024984E-0003
-1.02530485019087E-0002
-5.08233020082116E-0003
-7.55720352753997E-0003
 6.67332019656897E-0003
 3.80069902166724E-0003
 8.79464019089937E-0003
 9.54594183713198E-0003
-4.15425235405564E-0003
 9.67852398753166E-0003
-1.14020965993404E-0002
 2.69584450870752E-0003
-4.11005830392241E-0003
-9.67852398753166E-0003
-6.76170876249671E-0003
-7.07106781192124E-0004
 9.10399947315454E-0003
 3.66811640560627E-0003
 1.60866789519787E-0002
-6.31976686418056E-0003
 7.99914542585611E-0003
-3.27036879025400E-0003
-3.53553378954530E-0003
 4.06586378812790E-0003
-1.30814751610159E-0002
-5.30330091714859E-0003
-7.82236922532320E-0003
 1.04740187525749E-0002
 1.23743689619004E-0003
 1.39211649075150E-0002
 1.50260189548134E-0003
-1.19324272964149E-0003
 8.48528183996677E-0003
-1.07391839846968E-0002
 7.60139804333448E-0003
-9.76691208779812E-0003
-6.85009686276317E-0003
-8.13172757625580E-0003
 4.02166973799467E-0003
 6.31976686418056E-0003
 4.02166973799467E-0003
 1.10927373170852E-0002
-7.73398019373417E-0003
 1.15346796810627E-0002
-6.80590281262994E-0003
 2.20970861846581E-0004
-1.50260189548134E-0003
-1.29488930106163E-0002
-4.33102902024984E-0003
-3.80069902166724E-0003
 1.19766211137175E-0002
-1.76776695298031E-0004
 1.27721158787608E-0002
-4.64038830250502E-0003
 5.56846568360925E-0003
 3.97747568786144E-0003
-8.61786399036646E-0003
 4.46361163631082E-0003
-1.38327768072485E-0002
-4.19844640418887E-0003
-7.60139804333448E-0003
 8.17592255771160E-0003
 4.02166973799467E-0003
 7.55720352753997E-0003
 5.48007758334279E-0003
-5.17071830108762E-0003
 1.11369313672184E-0002
-9.67852398753166E-0003
 3.09359212405980E-0003
-7.20365019515157E-0003
-7.68978614360094E-0003
-4.41941758617759E-0003
-2.65165057498962E-0004
 1.05624077841639E-0002
-1.85615534428507E-0003
 1.39211649075150E-0002
-4.59619425237179E-0003
 9.63432993739843E-0003
-7.51300947740674E-0004
-7.20365019515157E-0003
 1.59099022857844E-0003
-1.35676115751266E-0002
-2.87262140773237E-0003
-7.95495137572289E-0003
 1.06507958844304E-0002
 1.19324272964149E-0003
 8.48528183996677E-0003
 5.34749496728182E-0003
 1.32582528749481E-0004
 9.14819352328777E-0003
-1.04298247024416E-0002
 2.87262140773237E-0003
-7.95495137572289E-0003
-5.92201948165894E-0003
-6.23137829825282E-0003
 2.07712617702782E-0003
 4.99394163489342E-0003
 1.94454367738217E-0003
 1.19766211137175E-0002
-4.19844640418887E-0003
 9.81110613793135E-0003
-7.46881542727351E-0003
-2.38648545928299E-0003
 1.19324272964149E-0003
-1.00762713700532E-0002
-4.19844640418887E-0003
-4.68458235263824E-0003
 1.03856306523084E-0002
 8.83883447386324E-0004
 1.46282715722918E-0002
-1.32582522928714E-0003
 2.96100974082947E-0003
 2.03293189406395E-0003
-1.04298247024416E-0002
 5.34749496728182E-0003
-1.10927373170852E-0002
-5.39168901741505E-0003
-8.83883517235518E-0003
 7.20365019515157E-0003
 4.90555306896567E-0003
 1.04740187525749E-0002
 8.70625209063292E-0003
-4.64038830250502E-0003
 1.05624077841639E-0002
-1.06949899345636E-0002
 4.19844640418887E-0003
-5.30330091714859E-0003
-1.04740187525749E-0002
-7.73398019373417E-0003
-1.85615534428507E-0003
 9.14819352328777E-0003
 3.57972807250917E-0003
 1.74125041812658E-0002
-7.51300947740674E-0003
 8.48528183996677E-0003
-1.63518439512700E-0003
-4.24264091998339E-0003
 6.01040758192539E-0003
-1.35234175249934E-0002
-4.64038830250502E-0003
-7.77817470952868E-0003
 1.13137084990739E-0002
 1.32582528749481E-0004
 1.04298247024416E-0002
 2.34229117631912E-0003
-3.22617474012077E-0003
 9.36916470527649E-0003
-9.85530111938715E-0003
 5.48007758334279E-0003
-1.01204654201865E-0002
-6.98267947882414E-0003
-7.42462137714028E-0003
 4.28683497011662E-0003
 9.05980542302132E-0003
 2.78423284180462E-0003
 1.08717670664191E-0002
-6.40815543010831E-0003
 1.08717670664191E-0002
-5.92201948165894E-0003
-2.34229117631912E-0003
-1.90034951083362E-0003
-1.26395337283611E-0002
-4.19844640418887E-0003
-5.39168901741505E-0003
 1.24627565965056E-0002
 4.41941738245077E-0005
 1.26395337283611E-0002
-2.25390284322202E-0003
 3.57972807250917E-0003
 5.78943686559796E-0003
-9.01561137288809E-0003
 3.88908735476434E-0003
-1.31256692111492E-0002
-4.99394163489342E-0003
-7.24784471094608E-0003
 7.42462137714028E-0003
 2.07712617702782E-0003
 5.12652425095439E-0003
 1.06507958844304E-0002
-4.33102902024984E-0003
 1.26395337283611E-0002
-8.08753352612257E-0003
 1.01646594703197E-0003
-3.88908735476434E-0003
-9.98788326978683E-0003
-4.02166973799467E-0003
-1.50260189548134E-0003
 8.75044614076614E-0003
-1.37001939583569E-0003
 1.26395337283611E-0002
-3.75650473870337E-0003
 7.38042686134577E-0003
-4.41941723693162E-0004
-7.86656327545643E-0003
 3.57972807250917E-0003
-1.06066018342971E-0002
-2.38648545928299E-0003
-6.01040758192539E-0003
 8.57366994023323E-0003
 1.23743689619004E-0003
 1.01204654201865E-0002
 5.34749496728182E-0003
-4.41941723693162E-0004
 6.98267947882414E-0003
-1.29488930106163E-0002
 3.49133973941207E-0003
-7.64559209346771E-0003
-6.71751424670219E-0003
-8.52947589010000E-0003
 2.43067950941622E-0003
 7.77817470952868E-0003
 5.65685424953699E-0003
 1.48050477728247E-0002
-6.01040758192539E-0003
 9.81110613793135E-0003
-6.71751424670219E-0003
-2.60745617561042E-0003
 9.72271838691086E-0004
-1.18440389633178E-0002
-6.01040758192539E-0003
-7.64559209346771E-0003
 1.09601551666855E-0002
 4.86135919345543E-0004
 1.48492427542805E-0002
-5.30330114997923E-0004
 2.69584450870752E-0003
 4.55199973657727E-0003
-8.48528183996677E-0003
 7.91075732558966E-0003
-1.07833780348300E-0002
-6.23137829825282E-0003
-1.09601551666855E-0002
 6.40815543010831E-0003
 5.43588353320956E-0003
 8.79464019089937E-0003
 1.09601551666855E-0002
-8.39689280837774E-0003
 1.10927373170852E-0002
-8.13172757625580E-0003
 2.82842712476850E-0003
-2.51906784251332E-0003
-1.17998439818620E-0002
-5.34749496728182E-0003
-7.07106781192124E-0004
 1.00320773199200E-0002
 5.74524281546474E-0004
 1.42747182399034E-0002
-5.83363091573119E-0003
 6.14299019798636E-0003
 8.83883447386324E-0004
-7.07106757909060E-0003
 3.31456307321787E-0003
-1.41421351581811E-0002
-4.81716496869922E-0003
-5.83363091573119E-0003
 1.11811263486743E-0002
 3.53553378954530E-0003
 8.75044614076614E-0003
 2.60745617561042E-0003
-1.50260189548134E-0003
 9.81110613793135E-0003
-1.00762713700532E-0002
 3.88908735476434E-0003
-1.04298247024416E-0002
-8.26431065797806E-0003
-7.15945614501834E-0003
 2.56326212547719E-0003
 8.13172757625580E-0003
 1.32582522928714E-0003
 1.09159611165523E-0002
-5.83363091573119E-0003
 1.13579025492072E-0002
-3.00520379096270E-0003
-2.69584450870752E-0003
-5.74524281546474E-0004
-1.28163108602166E-0002
-3.66811640560627E-0003
-3.75650473870337E-0003
 1.04298247024416E-0002
-2.29809712618589E-0003
 1.19766211137175E-0002
-1.67937856167555E-0003
 3.53553378954530E-0003
 7.15945614501834E-0003
-1.00762713700532E-0002
 4.72877640277147E-0003
-1.25069515779614E-0002
-4.06586378812790E-0003
-6.23137829825282E-0003
 7.68978614360094E-0003
 3.88908735476434E-0003
 4.37522307038307E-0003
 1.12695144489407E-0002
-4.55199973657727E-0003
 1.16230677813291E-0002
-1.00762713700532E-0002
-1.37001939583569E-0003
-3.18198045715690E-0003
-8.83883517235518E-0003
-4.41941758617759E-0003
-4.11005830392241E-0003
 9.94368921965361E-0003
-8.83883447386324E-0004
 1.52027960866689E-0002
-5.74524281546474E-0004
 6.18718424811959E-0003
 7.95495114289224E-0004
-8.83883517235518E-0003
 5.43588353320956E-0003
-1.09601551666855E-0002
-4.24264091998339E-0003
-8.30850470811129E-0003
 6.40815543010831E-0003
 2.38648545928299E-0003
 9.98788326978683E-0003
 6.01040758192539E-0003
-3.27036879025400E-0003
 9.14819352328777E-0003
-1.12695144489407E-0002
 5.03813568502665E-0003
-6.23137829825282E-0003
-7.86656327545643E-0003
-6.27557281404734E-0003
 1.50260189548134E-0003
 8.08753352612257E-0003
 4.77297091856599E-0003
 1.42305241897702E-0002
-7.46881542727351E-0003
 8.13172757625580E-0003
-6.09879614785314E-0003
-2.12132045999169E-0003
 1.90034951083362E-0003
-1.32140582427382E-0002
-5.39168901741505E-0003
-7.42462137714028E-0003
 1.20650092139840E-0002
 1.06066022999584E-0003
 1.51144070550799E-0002
 7.07106781192124E-0004
 3.09359224047512E-0004
 7.73398019373417E-0003
-1.07833780348300E-0002
 7.20365019515157E-0003
-1.15788737311959E-0002
-6.40815543010831E-0003
-9.98788326978683E-0003
 4.37522307038307E-0003
 6.31976686418056E-0003
 3.66811640560627E-0003
 1.06507958844304E-0002
-7.02687352895737E-0003
 1.32582522928714E-0002
-6.01040758192539E-0003
 9.72271838691086E-0004
-1.76776689477265E-0003
-1.20650092139840E-0002
-3.71231068857014E-0003
-3.13778640702367E-0003
 1.15788737311959E-0002
 4.41941738245077E-0005
 9.81110613793135E-0003
-4.99394163489342E-0003
 4.81716496869922E-0003
 2.91681545786560E-0003
-7.73398019373417E-0003
 4.28683497011662E-0003
-1.29930870607495E-0002
-3.71231068857014E-0003
-5.34749496728182E-0003
 1.00320773199200E-0002
 3.97747568786144E-0003
 8.57366994023323E-0003
 5.30330091714859E-0003
-3.71231068857014E-0003
 9.72271803766489E-0003
-1.07833780348300E-0002
 9.28077672142535E-0004
-9.05980542302132E-0003
-8.39689280837774E-0003
-6.23137829825282E-0003
 1.45840772893279E-0003
 9.94368921965361E-0003
 3.09359224047512E-0004
 1.36118056252598E-0002
-2.96100974082947E-0003
 1.00320773199200E-0002
-7.51300947740674E-0004
-5.39168901741505E-0003
 3.53553390596062E-0004
-1.28163108602166E-0002
-4.64038830250502E-0003
-7.68978614360094E-0003
 9.50174778699875E-0003
-9.28077672142535E-0004
 8.22011660784483E-0003
 4.28683497011662E-0003
 1.50260189548134E-0003
 8.39689280837774E-0003
-9.76691208779812E-0003
 4.06586378812790E-0003
-7.24784471094608E-0003
-4.81716496869922E-0003
-5.61266019940376E-0003
 3.88908735476434E-0003
 4.86135901883245E-0003
 3.40295140631497E-0003
 1.06949899345636E-0002
-4.59619425237179E-0003
 9.10399947315454E-0003
-9.19238850474358E-0003
-1.28163106273859E-0003
-1.32582528749481E-0004
-8.97141732275486E-0003
-3.97747568786144E-0003
-3.31456307321787E-0003
 1.12253203988075E-0002
 7.07106781192124E-0004
 1.59099027514458E-0002
-1.50260189548134E-0003
 3.71231068857014E-0003
 1.45840772893279E-0003
-1.03414366021752E-0002
 5.30330091714859E-0003
-1.24627565965056E-0002
-6.40815543010831E-0003
-9.63432993739843E-0003
 6.71751424670219E-0003
 4.59619425237179E-0003
 1.04740187525749E-0002
 8.30850470811129E-0003
-4.50780568644404E-0003
 1.05624077841639E-0002
-1.01646604016423E-0002
 5.78943686559796E-0003
-6.01040758192539E-0003
-1.00320773199200E-0002
-7.73398019373417E-0003
-5.30330114997923E-0004
 8.57366994023323E-0003
 2.38648545928299E-0003
 1.44956894218921E-0002
-7.99914542585611E-0003
 8.08753352612257E-0003
-3.18198045715690E-0003
-3.13778640702367E-0003
 3.49133973941207E-0003
-1.31698641926050E-0002
-3.53553378954530E-0003
-7.29203876107931E-0003
 1.25953396782279E-0002
 1.90034951083362E-0003
 1.23301744461059E-0002
 1.32582522928714E-0003
-1.10485439654439E-0003
 9.54594183713198E-0003
-1.15346796810627E-0002
 5.34749496728182E-0003
-1.14020965993404E-0002
-6.89429091289639E-0003
-7.73398019373417E-0003
 3.80069902166724E-0003
 9.94368921965361E-0003
 1.67937856167555E-0003
 1.06066018342971E-0002
-5.08233020082116E-0003
 1.18882330134511E-0002
-4.19844640418887E-0003
-1.06066022999584E-0003
-2.43067950941622E-0003
-1.31256692111492E-0002
-4.11005830392241E-0003
-3.75650473870337E-0003
 1.05624077841639E-0002
 3.09359224047512E-0004
 1.09601551666855E-0002
-3.31456307321787E-0003
 4.86135901883245E-0003
 4.28683497011662E-0003
-8.30850470811129E-0003
 2.96100974082947E-0003
-1.24627565965056E-0002
-4.11005830392241E-0003
-4.90555306896567E-0003
 9.01561137288809E-0003
 2.47487379238009E-0003
 6.27557281404734E-0003
 7.38042686134577E-0003
-3.75650473870337E-0003
 1.10927373170852E-0002
-1.10043492168188E-0002
 7.51300947740674E-0004
-7.46881542727351E-0003
-8.30850470811129E-0003
-5.39168901741505E-0003
 8.83883476490155E-0005
 9.50174778699875E-0003
 8.83883476490155E-0005
 1.59099027514458E-0002
-3.13778640702367E-0003
 9.50174778699875E-0003
-1.37001939583569E-0003
-7.86656327545643E-0003
 2.07712617702782E-0003
-1.15346796810627E-0002
-3.22617474012077E-0003
-7.46881542727351E-0003
 8.30850470811129E-0003
-4.86135919345543E-0004
 1.13579025492072E-0002
 5.21491235122085E-0003
 8.83883476490155E-0005
 7.38042686134577E-0003
-1.12253203988075E-0002
 6.98267947882414E-0003
-7.15945614501834E-0003
-6.23137829825282E-0003
-6.18718424811959E-0003
 2.12132045999169E-0003
 6.14299019798636E-0003
 4.90555306896567E-0003
 1.09159611165523E-0002
-6.54073758050799E-0003
 9.89949516952038E-0003
-8.75044614076614E-0003
-8.83883476490155E-0005
-2.65165057498962E-0004
-1.13137084990739E-0002
-4.99394163489342E-0003
-4.28683497011662E-0003
 1.22417863458395E-0002
 1.81196117773652E-0003
 1.65728144347668E-0002
-3.22617474012077E-0003
 3.53553378954530E-0003
 1.01646594703197E-0003
-8.75044614076614E-0003
 5.65685424953699E-0003
-1.36559996753931E-0002
-5.65685424953699E-0003
-1.05624077841639E-0002
 8.39689280837774E-0003
 4.33102902024984E-0003
 8.75044614076614E-0003
 9.63432993739843E-0003
-5.12652425095439E-0003
 1.25511456280946E-0002
-9.50174778699875E-0003
 5.65685424953699E-0003
-5.83363091573119E-0003
-1.09601551666855E-0002
-6.89429091289639E-0003
-2.34229117631912E-0003
 8.79464019089937E-0003
-1.76776695298031E-0004
 1.36559996753931E-0002
-6.36396091431379E-0003
 9.72271803766489E-0003
-7.51300947740674E-0004
-4.33102902024984E-0003
 3.66811640560627E-0003
-1.36118056252598E-0002
-2.60745617561042E-0003
-4.64038830250502E-0003
 1.10927373170852E-0002
 1.59099022857844E-0003
 9.19238850474358E-0003
-5.74524281546474E-0004
-1.06066022999584E-0003
 8.30850470811129E-0003
-1.05624077841639E-0002
 4.15425235405564E-0003
-1.13137084990739E-0002
-6.09879614785314E-0003
-7.15945614501834E-0003
 3.88908735476434E-0003
 8.61786399036646E-0003
 2.69584450870752E-0003
 1.18440389633178E-0002
-5.17071830108762E-0003
 1.12253203988075E-0002
-4.94974758476019E-0003
-2.34229117631912E-0003
-2.74003879167140E-0003
-1.28163108602166E-0002
-4.41941758617759E-0003
-4.64038830250502E-0003
 1.06507958844304E-0002
-2.29809712618589E-0003
 1.29046989604830E-0002
-5.74524281546474E-0004
 4.37522307038307E-0003
 6.23137829825282E-0003
-9.76691208779812E-0003
 4.11005830392241E-0003
-1.17998439818620E-0002
-4.33102902024984E-0003
-7.38042686134577E-0003
 6.67332019656897E-0003
 3.53553378954530E-0003
 4.77297091856599E-0003
 1.09159611165523E-0002
-4.19844640418887E-0003
 1.12695144489407E-0002
-1.02530485019087E-0002
-3.97747557144612E-0004
-3.09359212405980E-0003
-8.13172757625580E-0003
-4.41941758617759E-0003
-2.96100974082947E-0003
 1.02088544517755E-0002
-6.62912614643574E-0004
 1.46724656224250E-0002
-2.16551451012492E-0003
 6.36396091431379E-0003
-7.07106781192124E-0004
-7.20365019515157E-0003
 4.55199973657727E-0003
-1.17114558815956E-0002
-3.35875712335110E-0003
-8.04333947598934E-0003
 7.91075732558966E-0003
 3.13778640702367E-0003
 1.04298247024416E-0002
 5.43588353320956E-0003
-2.07712617702782E-0003
 7.82236922532320E-0003
-1.06066018342971E-0002
 5.21491235122085E-0003
-7.42462137714028E-0003
-8.70625209063292E-0003
-6.76170876249671E-0003
 2.47487379238009E-0003
 7.55720352753997E-0003
 5.96621353179216E-0003
 1.29488930106163E-0002
-7.33623281121254E-0003
 9.19238850474358E-0003
-7.64559209346771E-0003
-5.30330114997923E-0004
 5.30330114997923E-0004
-1.36559996753931E-0002
-5.48007758334279E-0003
-4.90555306896567E-0003
 1.13137084990739E-0002
 9.72271838691086E-0004
 1.77660584449768E-0002
-3.18198045715690E-0003
 2.87262140773237E-0003
 4.90555306896567E-0003
-9.67852398753166E-0003
 6.98267947882414E-0003
-1.36559996753931E-0002
-5.87782496586442E-0003
-9.76691208779812E-0003
 6.76170876249671E-0003
 5.21491235122085E-0003
 5.25910686701536E-0003
 9.81110613793135E-0003
-6.36396091431379E-0003
 1.29930870607495E-0002
-8.04333947598934E-0003
 2.47487379238009E-0003
-4.64038830250502E-0003
-1.16230677813291E-0002
-3.62392235547304E-0003
-1.45840772893279E-0003
 1.13137084990739E-0002
-5.74524281546474E-0004
 1.10927373170852E-0002
-5.70104829967022E-0003
 8.57366994023323E-0003
 2.20970861846581E-0004
-6.54073758050799E-0003
 3.57972807250917E-0003
-1.38769708573818E-0002
-3.18198045715690E-0003
-5.70104829967022E-0003
 1.04298247024416E-0002
 2.60745617561042E-0003
 1.02088544517755E-0002
 3.35875712335110E-0003
-1.63518439512700E-0003
 8.57366994023323E-0003
-1.08275730162859E-0002
 2.91681545786560E-0003
-1.03414366021752E-0002
-7.24784471094608E-0003
-6.40815543010831E-0003
 3.71231068857014E-0003
 7.82236922532320E-0003
 6.18718448095024E-0004
 1.34350284934043E-0002
-3.71231068857014E-0003
 1.15788737311959E-0002
-3.88908735476434E-0003
-4.33102902024984E-0003
-4.86135919345543E-0004
-1.31698641926050E-0002
-4.99394163489342E-0003
-6.58493209630251E-0003
 1.02530485019087E-0002
-2.69584450870752E-0003
 1.19766211137175E-0002
 2.34229117631912E-0003
 2.91681545786560E-0003
 6.93848542869091E-0003
-1.00762713700532E-0002
 4.33102902024984E-0003
-9.41335875540972E-0003
-4.41941758617759E-0003
-6.09879614785314E-0003
 5.87782496586442E-0003
 3.13778640702367E-0003
 4.77297091856599E-0003
 1.09159611165523E-0002
-4.86135901883245E-0003
 9.14819352328777E-0003
-1.05182137340307E-0002
 2.20970861846581E-0004
-1.50260189548134E-0003
-9.19238850474358E-0003
-3.93328163772821E-0003
-1.45840772893279E-0003
 9.50174778699875E-0003
 2.07712617702782E-0003
 1.59099027514458E-0002
-4.64038830250502E-0003
 6.40815543010831E-0003
-1.85615534428507E-0003
-7.68978614360094E-0003
 3.31456307321787E-0003
-1.40095530077815E-0002
-5.61266019940376E-0003
-8.26431065797806E-0003
 1.02088544517755E-0002
 3.53553378954530E-0003
 1.37443877756595E-0002
 5.03813568502665E-0003
-1.81196117773652E-0003
 9.19238850474358E-0003
-1.14462906494736E-0002
 7.07106757909060E-0003
-8.92722327262163E-0003
-8.79464019089937E-0003
-9.01561137288809E-0003
 6.62912614643574E-0004
 7.60139804333448E-0003
 3.44714545644820E-0003
 1.34792234748601E-0002
-7.29203876107931E-0003
 1.02972425520420E-0002
-4.24264091998339E-0003
-7.95495114289224E-0004
 1.85615534428507E-0003
-1.29046989604830E-0002
-4.99394163489342E-0003
-7.20365019515157E-0003
 1.27721158787608E-0002
-1.32582528749481E-0004
 1.27721158787608E-0002
-1.06066022999584E-0003
 1.01646594703197E-0003
 6.76170876249671E-0003
-9.98788326978683E-0003
 4.81716496869922E-0003
-1.26837277784943E-0002
-5.48007758334279E-0003
-7.51300947740674E-0003
 8.13172757625580E-0003
 6.98267947882414E-0003
 4.15425235405564E-0003
 9.14819352328777E-0003
-5.52427163347602E-0003
 1.19766211137175E-0002
-7.91075732558966E-0003
 9.72271838691086E-0004
-4.99394163489342E-0003
-1.22417863458395E-0002
-5.34749496728182E-0003
-2.96100974082947E-0003
 1.14462906494736E-0002
 8.83883476490155E-0005
 1.37885818257927E-0002
-4.19844640418887E-0003
 7.68978614360094E-0003
 2.12132045999169E-0003
-7.29203876107931E-0003
 2.69584450870752E-0003
-1.42747182399034E-0002
-2.78423284180462E-0003
-6.89429091289639E-0003
 1.01204654201865E-0002
 3.09359224047512E-0004
 6.71751424670219E-0003
 5.61266019940376E-0003
-2.47487379238009E-0003
 1.13579025492072E-0002
-1.07833780348300E-0002
 3.04939807392657E-0003
-7.82236922532320E-0003
-7.82236922532320E-0003
-6.27557281404734E-0003
 1.23743689619004E-0003
 9.94368921965361E-0003
-5.30330114997923E-0004
 1.45398834720253E-0002
-3.93328163772821E-0003
 8.30850470811129E-0003
-2.20970879308879E-0003
-6.93848542869091E-0003
 1.72357272822410E-0003
-1.17998439818620E-0002
-2.47487379238009E-0003
-5.43588353320956E-0003
 8.61786399036646E-0003
 7.07106781192124E-0004
 1.08717670664191E-0002
 3.18198045715690E-0003
 2.47487379238009E-0003
 5.25910686701536E-0003
-1.14462906494736E-0002
 5.25910686701536E-0003
-8.92722327262163E-0003
-6.36396091431379E-0003
-6.58493209630251E-0003
 4.59619425237179E-0003
 4.28683497011662E-0003
 7.73398019373417E-0003
